-0.25200000 3.41449454 3.41117353
-0.24600000 3.41426148 3.41143384
-0.24000000 3.41235561 3.41195207
-0.23400000 3.41182166 3.41275048
-0.22800000 3.41387660 3.41387506
-0.22200000 3.41656609 3.41536571
-0.21600000 3.41710311 3.41723864
-0.21000000 3.41756332 3.41951136
-0.20400000 3.42061624 3.42221135
-0.19800000 3.42582273 3.42535836
-0.19200000 3.42922460 3.42894304
-0.18600000 3.43100468 3.43294908
-0.18000000 3.43481771 3.43737113
-0.17400000 3.44201326 3.44220820
-0.16800000 3.44826722 3.44743592
-0.16200000 3.45155949 3.45302425
-0.15600000 3.45588037 3.45895668
-0.15000000 3.46437233 3.46521177
-0.14400000 3.47302828 3.47175589
-0.13800000 3.47796836 3.47855082
-0.13200000 3.48254930 3.48556989
-0.12600000 3.49148070 3.49278439
-0.12000000 3.50176051 3.50015338
-0.11400000 3.50824046 3.50762800
-0.10800000 3.51286432 3.51517191
-0.10200000 3.52135050 3.52274909
-0.09600000 3.53221140 3.53031267
-0.09000000 3.53977380 3.53780704
-0.08400000 3.54426988 3.54518831
-0.07800000 3.55144261 3.55241541
-0.07200000 3.56164819 3.55943852
-0.06600000 3.56948046 3.56620106
-0.06000000 3.57362188 3.57265745
-0.05400000 3.57886373 3.57876684
-0.04800000 3.58703609 3.58448305
-0.04200000 3.59403384 3.58975747
-0.03600000 3.59748090 3.59455166
-0.03000000 3.60054194 3.59883313
-0.02400000 3.60553533 3.60256674
-0.01800000 3.61045654 3.60571922
-0.01200000 3.61276534 3.60826653
-0.00600000 3.61369758 3.61019034
0.00000000 3.61497187 3.61147098
0.00600000 3.61676273 3.61209288
0.01200000 3.61746715 3.61204953
0.01800000 3.61648088 3.61134041
0.02400000 3.61411559 3.60996403
0.03000000 3.61207313 3.60792472
0.03600000 3.61077205 3.60523811
0.04200000 3.60820765 3.60192581
0.04800000 3.60275547 3.59800888
0.05400000 3.59675405 3.59351517
0.06000000 3.59299532 3.58848607
0.06600000 3.58936396 3.58296581
0.07200000 3.58210672 3.57699605
0.07800000 3.57304738 3.57062292
0.08400000 3.56680994 3.56390547
0.09000000 3.56252586 3.55689979
0.09600000 3.55486988 3.54965464
0.10200000 3.54420774 3.54221969
0.10800000 3.53606464 3.53465624
0.11400000 3.53140200 3.52701831
0.12000000 3.52440806 3.51934913
0.12600000 3.51358233 3.51169097
0.13200000 3.50441832 3.50409759
0.13800000 3.49956720 3.49661512
0.14400000 3.49386545 3.48927694
0.15000000 3.48411890 3.48211436
0.15600000 3.47485552 3.47517028
0.16200000 3.47005729 3.46848259
0.16800000 3.46585217 3.46207602
0.17400000 3.45812127 3.45597097
0.18000000 3.44967398 3.45020359
0.18600000 3.44518366 3.44480630
0.19200000 3.44244900 3.43978828
0.19800000 3.43730864 3.43516383
0.20400000 3.43048549 3.43096289
0.21000000 3.42658153 3.42721417
0.21600000 3.42521882 3.42392066
0.22200000 3.42288769 3.42108050
0.22800000 3.41839682 3.41870783
0.23400000 3.41541491 3.41682221
0.24000000 3.41526388 3.41541760
0.24600000 3.41563113 3.41447564
0.25200000 3.41401702 3.41399643
-0.25200000 3.42688310 3.42226746
-0.24600000 3.42700544 3.42256391
-0.24000000 3.42473111 3.42315145
-0.23400000 3.42398838 3.42405151
-0.22800000 3.42668164 3.42531184
-0.22200000 3.43006333 3.42697007
-0.21600000 3.43049159 3.42903680
-0.21000000 3.43075674 3.43152485
-0.20400000 3.43442632 3.43445868
-0.19800000 3.44046211 3.43785319
-0.19200000 3.44389918 3.44169065
-0.18600000 3.44546169 3.44594784
-0.18000000 3.44979587 3.45061452
-0.17400000 3.45782140 3.45568510
-0.16800000 3.46411508 3.46112643
-0.16200000 3.46713182 3.46690340
-0.15600000 3.47180530 3.47299803
-0.15000000 3.48099251 3.47938231
-0.14400000 3.48957333 3.48601576
-0.13800000 3.49409090 3.49285873
-0.13200000 3.49883385 3.49988561
-0.12600000 3.50820775 3.50706477
-0.12000000 3.51822547 3.51435157
-0.11400000 3.52407816 3.52169801
-0.10800000 3.52865787 3.52907172
-0.10200000 3.53733330 3.53643784
-0.09600000 3.54770014 3.54374899
-0.09000000 3.55441386 3.55095278
-0.08400000 3.55867220 3.55801258
-0.07800000 3.56585665 3.56489207
-0.07200000 3.57539930 3.57154435
-0.06600000 3.58220450 3.57791820
-0.06000000 3.58597002 3.58397764
-0.05400000 3.59117818 3.58968868
-0.04800000 3.59871280 3.59500859
-0.04200000 3.60466994 3.59989348
-0.03600000 3.60766666 3.60431259
-0.03000000 3.61072949 3.60823942
-0.02400000 3.61534580 3.61164033
-0.01800000 3.61944919 3.61448365
-0.01200000 3.62133982 3.61675034
-0.00600000 3.62232072 3.61842703
0.00000000 3.62351884 3.61949451
0.00600000 3.62479343 3.61993825
0.01200000 3.62515248 3.61975662
0.01800000 3.62429654 3.61895454
0.02400000 3.62216767 3.61753143
0.03000000 3.61991224 3.61549230
0.03600000 3.61830505 3.61285607
0.04200000 3.61601026 3.60964680
0.04800000 3.61123338 3.60588252
0.05400000 3.60550670 3.60158601
0.06000000 3.60160229 3.59679460
0.06600000 3.59825848 3.59154786
0.07200000 3.59189380 3.58587817
0.07800000 3.58341075 3.57981988
0.08400000 3.57715736 3.57342321
0.09000000 3.57308728 3.56673699
0.09600000 3.56624283 3.55980081
0.10200000 3.55614258 3.55265383
0.10800000 3.54793219 3.54535106
0.11400000 3.54334263 3.53794410
0.12000000 3.53697637 3.53047290
0.12600000 3.52653026 3.52297435
0.13200000 3.51712428 3.51550067
0.13800000 3.51216087 3.50810099
0.14400000 3.50689725 3.50081179
0.15000000 3.49737228 3.49366350
0.15600000 3.48766471 3.48670055
0.16200000 3.48260034 3.47996758
0.16800000 3.47872456 3.47349656
0.17400000 3.47115416 3.46730989
0.18000000 3.46215726 3.46144855
0.18600000 3.45726152 3.45595271
0.19200000 3.45482447 3.45083550
0.19800000 3.44994067 3.44611563
0.20400000 3.44260339 3.44182829
0.21000000 3.43821783 3.43800744
0.21600000 3.43714164 3.43465710
0.22200000 3.43524394 3.43177488
0.22800000 3.43044222 3.42937441
0.23400000 3.42696428 3.42747458
0.24000000 3.42710299 3.42606533
0.24600000 3.42814531 3.42512228
0.25200000 3.42656308 3.42464244
-0.25200000 3.61972561 3.61724483
-0.24600000 3.61991239 3.61749424
-0.24000000 3.61853111 3.61798890
-0.23400000 3.61815600 3.61874316
-0.22800000 3.62012704 3.61978998
-0.22200000 3.62270904 3.62115546
-0.21600000 3.62337964 3.62284633
-0.21000000 3.62383765 3.62487014
-0.20400000 3.62658617 3.62724299
-0.19800000 3.63118552 3.62997488
-0.19200000 3.63416718 3.63305241
-0.18600000 3.63568859 3.63645708
-0.18000000 3.63896931 3.64017973
-0.17400000 3.64504379 3.64421510
-0.16800000 3.65022788 3.64853884
-0.16200000 3.65295474 3.65312334
-0.15600000 3.65652760 3.65795294
-0.15000000 3.66343164 3.66300788
-0.14400000 3.67035682 3.66825952
-0.13800000 3.67431453 3.67367734
-0.13200000 3.67800311 3.67924120
-0.12600000 3.68502887 3.68493003
-0.12000000 3.69303491 3.69071485
-0.11400000 3.69808215 3.69656072
-0.10800000 3.70172021 3.70244288
-0.10200000 3.70826820 3.70833753
-0.09600000 3.71657433 3.71421427
-0.09000000 3.72237718 3.72003426
-0.08400000 3.72587571 3.72576594
-0.07800000 3.73135283 3.73137778
-0.07200000 3.73910516 3.73683305
-0.06600000 3.74517762 3.74208676
-0.06000000 3.74840401 3.74709883
-0.05400000 3.75222532 3.75182840
-0.04800000 3.75828245 3.75623077
-0.04200000 3.76387172 3.76025797
-0.03600000 3.76659737 3.76386774
-0.03000000 3.76835633 3.76702137
-0.02400000 3.77144575 3.76968104
-0.01800000 3.77523169 3.77181334
-0.01200000 3.77706061 3.77339535
-0.00600000 3.77686528 3.77441313
0.00000000 3.77638137 3.77485736
0.00600000 3.77705512 3.77472746
0.01200000 3.77737892 3.77403386
0.01800000 3.77584036 3.77279491
0.02400000 3.77260489 3.77103119
0.03000000 3.76998996 3.76876832
0.03600000 3.76849663 3.76603810
0.04200000 3.76609418 3.76287395
0.04800000 3.76119963 3.75930845
0.05400000 3.75596290 3.75537580
0.06000000 3.75269293 3.75111376
0.06600000 3.74970776 3.74655708
0.07200000 3.74400463 3.74173912
0.07800000 3.73693777 3.73669465
0.08400000 3.73205081 3.73146347
0.09000000 3.72873861 3.72607789
0.09600000 3.72305074 3.72056644
0.10200000 3.71520998 3.71495942
0.10800000 3.70922089 3.70929408
0.11400000 3.70571664 3.70359892
0.12000000 3.70052957 3.69789576
0.12600000 3.69266334 3.69220820
0.13200000 3.68604744 3.68656969
0.13800000 3.68243596 3.68100747
0.14400000 3.67813142 3.67554134
0.15000000 3.67096456 3.67019157
0.15600000 3.66420032 3.66498896
0.16200000 3.66062073 3.65996173
0.16800000 3.65741952 3.65513005
0.17400000 3.65165568 3.65051155
0.18000000 3.64536685 3.64613701
0.18600000 3.64196332 3.64203423
0.19200000 3.63993421 3.63821327
0.19800000 3.63614169 3.63468988
0.20400000 3.63099780 3.63149087
0.21000000 3.62798977 3.62863980
0.21600000 3.62707010 3.62613982
0.22200000 3.62552629 3.62399080
0.22800000 3.62219121 3.62220282
0.23400000 3.61985687 3.62078755
0.24000000 3.61990924 3.61973707
0.24600000 3.62058598 3.61903493
0.25200000 3.61955301 3.61867876
-0.25200000 3.63303686 3.62820565
-0.24600000 3.63348645 3.62845448
-0.24000000 3.63135836 3.62894484
-0.23400000 3.63061979 3.62969352
-0.22800000 3.63334865 3.63074062
-0.22200000 3.63656426 3.63211540
-0.21600000 3.63660412 3.63382200
-0.21000000 3.63657216 3.63586861
-0.20400000 3.64004625 3.63827453
-0.19800000 3.64553063 3.64104946
-0.19200000 3.64800562 3.64417384
-0.18600000 3.64887590 3.64762613
-0.18000000 3.65278397 3.65139697
-0.17400000 3.65991047 3.65547923
-0.16800000 3.66472036 3.65984032
-0.16200000 3.66662684 3.66445000
-0.15600000 3.67064380 3.66929474
-0.15000000 3.67861020 3.67434755
-0.14400000 3.68522074 3.67957126
-0.13800000 3.68818569 3.68493442
-0.13200000 3.69205508 3.69041980
-0.12600000 3.69995764 3.69600197
-0.12000000 3.70758902 3.70164535
-0.11400000 3.71147554 3.70731589
-0.10800000 3.71500839 3.71299571
-0.10200000 3.72214325 3.71866245
-0.09600000 3.72992847 3.72428428
-0.09000000 3.73443405 3.72982723
-0.08400000 3.73759785 3.73527173
-0.07800000 3.74346107 3.74059338
-0.07200000 3.75068431 3.74575694
-0.06600000 3.75544188 3.75072294
-0.06000000 3.75821192 3.75546296
-0.05400000 3.76244137 3.75994225
-0.04800000 3.76832063 3.76411400
-0.04200000 3.77285069 3.76793021
-0.03600000 3.77510552 3.77135447
-0.03000000 3.77728740 3.77435022
-0.02400000 3.78054499 3.77687278
-0.01800000 3.78360235 3.77888408
-0.01200000 3.78497259 3.78036392
-0.00600000 3.78514033 3.78130019
0.00000000 3.78498208 3.78167767
0.00600000 3.78515042 3.78149182
0.01200000 3.78502390 3.78075726
0.01800000 3.78375803 3.77949800
0.02400000 3.78091193 3.77773322
0.03000000 3.77794381 3.77548772
0.03600000 3.77599655 3.77279986
0.04200000 3.77388687 3.76971161
0.04800000 3.76966924 3.76625565
0.05400000 3.76443202 3.76246344
0.06000000 3.76079438 3.75837475
0.06600000 3.75816294 3.75402730
0.07200000 3.75348984 3.74944880
0.07800000 3.74690031 3.74466313
0.08400000 3.74183245 3.73970397
0.09000000 3.73882815 3.73460038
0.09600000 3.73417597 3.72937251
0.10200000 3.72686094 3.72403826
0.10800000 3.72058300 3.71862898
0.11400000 3.71723893 3.71317278
0.12000000 3.71300704 3.70768870
0.12600000 3.70556908 3.70219337
0.13200000 3.69842661 3.69671887
0.13800000 3.69477563 3.69129724
0.14400000 3.69130898 3.68595118
0.15000000 3.68450582 3.68069757
0.15600000 3.67703115 3.67556744
0.16200000 3.67319672 3.67059571
0.16800000 3.67071569 3.66580832
0.17400000 3.66533383 3.66122039
0.18000000 3.65829751 3.65686482
0.18600000 3.65446997 3.65277623
0.19200000 3.65303979 3.64896542
0.19800000 3.64972436 3.64544868
0.20400000 3.64391182 3.64225582
0.21000000 3.64035731 3.63941564
0.21600000 3.63994493 3.63693123
0.22200000 3.63901996 3.63479993
0.22800000 3.63515006 3.63303127
0.23400000 3.63218849 3.63163854
0.24000000 3.63265512 3.63061056
0.24600000 3.63411796 3.62992431
0.25200000 3.63286177 3.62957498
0.25200000 3.74718912 3.74501450
0.24600000 3.74727389 3.74518258
0.24000000 3.74618280 3.74551605
0.23400000 3.74585866 3.74602699
0.22800000 3.74726138 3.74674271
0.22200000 3.74903417 3.74768628
0.21600000 3.74936181 3.74886643
0.21000000 3.74961082 3.75029358
0.20400000 3.75159256 3.75198669
0.19800000 3.75486963 3.75396163
0.19200000 3.75689370 3.75621611
0.18600000 3.75793066 3.75874434
0.18000000 3.76040505 3.76154983
0.17400000 3.76499053 3.76464053
0.16800000 3.76884304 3.76800809
0.16200000 3.77087893 3.77164012
0.15600000 3.77376499 3.77553409
0.15000000 3.77940609 3.77968446
0.14400000 3.78505310 3.78407617
0.13800000 3.78829187 3.78868886
0.13200000 3.79150222 3.79350768
0.12600000 3.79775846 3.79851453
0.12000000 3.80493114 3.80368136
0.11400000 3.80947320 3.80897154
0.10800000 3.81282884 3.81435234
0.10200000 3.81901464 3.81978689
0.09600000 3.82695378 3.82522794
0.09000000 3.83253939 3.83062204
0.08400000 3.83584372 3.83592136
0.07800000 3.84099577 3.84107672
0.07200000 3.84837259 3.84603141
0.06600000 3.85414699 3.85072809
0.06000000 3.85710228 3.85512120
0.05400000 3.86046875 3.85917179
0.04800000 3.86571827 3.86284109
0.04200000 3.87030471 3.86609707
0.03600000 3.87248340 3.86892328
0.03000000 3.87404780 3.87131442
0.02400000 3.87637816 3.87326773
0.01800000 3.87847965 3.87478572
0.01200000 3.87939718 3.87587919
0.00600000 3.87985788 3.87656169
0.00000000 3.88016004 3.87684034
-0.00600000 3.88017115 3.87671906
-0.01200000 3.87985272 3.87620148
-0.01800000 3.87924828 3.87528852
-0.02400000 3.87777425 3.87397383
-0.03000000 3.87585188 3.87225004
-0.03600000 3.87439697 3.87011522
-0.04200000 3.87259094 3.86757066
-0.04800000 3.86883499 3.86461923
-0.05400000 3.86419704 3.86127133
-0.06000000 3.86103779 3.85755080
-0.06600000 3.85835859 3.85348770
-0.07200000 3.85317728 3.84911364
-0.07800000 3.84625586 3.84446716
-0.08400000 3.84123217 3.83959976
-0.09000000 3.83809499 3.83456386
-0.09600000 3.83287092 3.82940569
-0.10200000 3.82516710 3.82417102
-0.10800000 3.81898794 3.81891259
-0.11400000 3.81569041 3.81367840
-0.12000000 3.81131153 3.80850494
-0.12600000 3.80418301 3.80342401
-0.13200000 3.79783752 3.79847203
-0.13800000 3.79459419 3.79367854
-0.14400000 3.79134192 3.78906113
-0.15000000 3.78555368 3.78463288
-0.15600000 3.77974269 3.78041307
-0.16200000 3.77675627 3.77641719
-0.16800000 3.77454058 3.77264992
-0.17400000 3.77035315 3.76911188
-0.18000000 3.76547422 3.76581528
-0.18600000 3.76283714 3.76277083
-0.19200000 3.76149895 3.75997330
-0.19800000 3.75892358 3.75742144
-0.20400000 3.75516749 3.75512591
-0.21000000 3.75294080 3.75309767
-0.21600000 3.75235612 3.75133169
-0.22200000 3.75135680 3.74982039
-0.22800000 3.74894955 3.74856709
-0.23400000 3.74723128 3.74757882
-0.24000000 3.74729511 3.74684790
-0.24600000 3.74780304 3.74635951
-0.25200000 3.74700929 3.74611118
