-0.23400000 3.41449454 3.41829831
-0.24000000 3.41449269 3.41728847
-0.24600000 3.41548187 3.41678051
-0.22800000 3.41662675 3.41980566
-0.22200000 3.41951271 3.42180755
-0.21600000 3.42106540 3.42429504
-0.21000000 3.42251025 3.42725329
-0.20400000 3.42587501 3.43066887
-0.19800000 3.43107535 3.43453020
-0.19200000 3.43526264 3.43882069
-0.18600000 3.43826562 3.44351906
-0.18000000 3.44253905 3.44860543
-0.17400000 3.44950567 3.45406165
-0.16800000 3.45613759 3.45986538
-0.16200000 3.46072007 3.46598893
-0.15600000 3.46563389 3.47240615
-0.15000000 3.47371172 3.47909257
-0.14400000 3.48232921 3.48601602
-0.13800000 3.48842695 3.49313980
-0.13200000 3.49371993 3.50042869
-0.12600000 3.50214854 3.50784900
-0.12000000 3.51197925 3.51536061
-0.11400000 3.51931035 3.52291724
-0.10800000 3.52466128 3.53047385
-0.10200000 3.53266004 3.53798781
-0.09600000 3.54270832 3.54541200
-0.09000000 3.55066473 3.55269367
-0.08400000 3.55578913 3.55978130
-0.07800000 3.56252820 3.56662683
-0.07200000 3.57164553 3.57318050
-0.06600000 3.57935961 3.57938865
-0.06000000 3.58387198 3.58520111
-0.05400000 3.58865833 3.59057261
-0.04800000 3.59558314 3.59545915
-0.04200000 3.60196162 3.59981617
-0.03600000 3.60537371 3.60360589
-0.03000000 3.60782277 3.60679725
-0.02400000 3.61145223 3.60936275
-0.01800000 3.61526528 3.61127821
-0.01200000 3.61703595 3.61252826
-0.00600000 3.61717638 3.61310525
0.00000000 3.61712781 3.61300529
0.00600000 3.61747193 3.61222931
0.01200000 3.61710678 3.61078684
0.01800000 3.61527168 3.60869419
0.02400000 3.61191441 3.60596948
0.03000000 3.60857693 3.60263578
0.03600000 3.60583700 3.59872327
0.04200000 3.60244998 3.59426697
0.04800000 3.59662192 3.58930180
0.05400000 3.58997269 3.58386699
0.06000000 3.58485811 3.57800755
0.06600000 3.58038572 3.57177093
0.07200000 3.57320870 3.56520169
0.07800000 3.56424360 3.55834698
0.08400000 3.55710249 3.55125872
0.09000000 3.55200123 3.54398865
0.09600000 3.54456840 3.53658255
0.10200000 3.53457685 3.52908651
0.10800000 3.52609632 3.52155095
0.11400000 3.52072859 3.51402492
0.12000000 3.51390550 3.50654903
0.12600000 3.50409441 3.49916172
0.13200000 3.49514368 3.49190635
0.13800000 3.48977342 3.48482480
0.14400000 3.48415616 3.47794943
0.15000000 3.47553635 3.47130830
0.15600000 3.46693285 3.46493522
0.16200000 3.46190117 3.45886380
0.16800000 3.45772466 3.45311823
0.17400000 3.45103158 3.44771761
0.18000000 3.44359675 3.44268454
0.18600000 3.43917543 3.43804149
0.19200000 3.43648889 3.43380413
0.19800000 3.43216922 3.42998205
0.20400000 3.42655185 3.42658450
0.21000000 3.42305446 3.42362048
0.21600000 3.42178515 3.42109290
0.22200000 3.41999945 3.41899817
0.22800000 3.41665355 3.41733140
0.23400000 3.41437158 3.41608862
0.24000000 3.41437088 3.41526557
0.24600000 3.41496572 3.41485622
-0.23400000 3.42688310 3.42989959
-0.24000000 3.42709632 3.42885924
-0.24600000 3.42845340 3.42833705
-0.22800000 3.42948342 3.43145373
-0.22200000 3.43284428 3.43351637
-0.21600000 3.43421680 3.43607778
-0.21000000 3.43543316 3.43912328
-0.20400000 3.43927245 3.44263752
-0.19800000 3.44508165 3.44660370
-0.19200000 3.44919979 3.45100095
-0.18600000 3.45193179 3.45580482
-0.18000000 3.45660366 3.46099073
-0.17400000 3.46419489 3.46653285
-0.16800000 3.47076044 3.47240233
-0.16200000 3.47500350 3.47856708
-0.15600000 3.48013903 3.48499653
-0.15000000 3.48871723 3.49165969
-0.14400000 3.49714752 3.49851765
-0.13800000 3.50273730 3.50553065
-0.13200000 3.50803383 3.51266227
-0.12600000 3.51671019 3.51987559
-0.12000000 3.52614444 3.52712681
-0.11400000 3.53274168 3.53437004
-0.10800000 3.53785756 3.54156337
-0.10200000 3.54581459 3.54866634
-0.09600000 3.55521572 3.55563332
-0.09000000 3.56218971 3.56241670
-0.08400000 3.56685573 3.56897397
-0.07800000 3.57336311 3.57526537
-0.07200000 3.58164306 3.58124853
-0.06600000 3.58819247 3.58687985
-0.06000000 3.59211167 3.59212223
-0.05400000 3.59665795 3.59694283
-0.04800000 3.60279739 3.60130810
-0.04200000 3.60801580 3.60518468
-0.03600000 3.61082510 3.60854723
-0.03000000 3.61323440 3.61137546
-0.02400000 3.61650242 3.61364948
-0.01800000 3.61948929 3.61535123
-0.01200000 3.62082969 3.61647119
-0.00600000 3.62117911 3.61700537
0.00000000 3.62132708 3.61694968
0.00600000 3.62141044 3.61630306
0.01200000 3.62089732 3.61507299
0.01800000 3.61948060 3.61327172
0.02400000 3.61679799 3.61091025
0.03000000 3.61375653 3.60800300
0.03600000 3.61114881 3.60457262
0.04200000 3.60831502 3.60064542
0.04800000 3.60344729 3.59624522
0.05400000 3.59753199 3.59139932
0.06000000 3.59277973 3.58614275
0.06600000 3.58885213 3.58051341
0.07200000 3.58265713 3.57454499
0.07800000 3.57454629 3.56827358
0.08400000 3.56779441 3.56174282
0.09000000 3.56312315 3.55499803
0.09600000 3.55649278 3.54807821
0.10200000 3.54718184 3.54102242
0.10800000 3.53894210 3.53387686
0.11400000 3.53380687 3.52668889
0.12000000 3.52754109 3.51949770
0.12600000 3.51813546 3.51233976
0.13200000 3.50915376 3.50525851
0.13800000 3.50379624 3.49829884
0.14400000 3.49852062 3.49149631
0.15000000 3.49005778 3.48488154
0.15600000 3.48116790 3.47849136
0.16200000 3.47596602 3.47236523
0.16800000 3.47198338 3.46653330
0.17400000 3.46534004 3.46101945
0.18000000 3.45744700 3.45585073
0.18600000 3.45269060 3.45105531
0.19200000 3.45015535 3.44665628
0.19800000 3.44592209 3.44266894
0.20400000 3.43981386 3.43910736
0.21000000 3.43588719 3.43598593
0.21600000 3.43477044 3.43331405
0.22200000 3.43319386 3.43109288
0.22800000 3.42950462 3.42932015
0.23400000 3.42677825 3.42799492
0.24000000 3.42696615 3.42711599
0.24600000 3.42800551 3.42667891
0.23400000 3.61972561 3.62204887
0.22800000 3.62152382 3.62315826
0.22200000 3.62392686 3.62463643
0.21600000 3.62507282 3.62648008
0.21000000 3.62606345 3.62868268
0.20400000 3.62882577 3.63123710
0.19800000 3.63308952 3.63413471
0.19200000 3.63631296 3.63736258
0.18600000 3.63847793 3.64090466
0.18000000 3.64191356 3.64474503
0.17400000 3.64753936 3.64886639
0.16800000 3.65265766 3.65324779
0.16200000 3.65603512 3.65786624
0.15600000 3.65987029 3.66270076
0.15000000 3.66626476 3.66773004
0.14400000 3.67283301 3.67292700
0.13800000 3.67731448 3.67826390
0.13200000 3.68135840 3.68371666
0.12600000 3.68788724 3.68926189
0.12000000 3.69527286 3.69487143
0.11400000 3.70062972 3.70051498
0.10800000 3.70465078 3.70616549
0.10200000 3.71078683 3.71179779
0.09600000 3.71829907 3.71738316
0.09000000 3.72410862 3.72288930
0.08400000 3.72795918 3.72828488
0.07800000 3.73319193 3.73354012
0.07200000 3.74009182 3.73862267
0.06600000 3.74587665 3.74349588
0.06000000 3.74933541 3.74812253
0.05400000 3.75311259 3.75246629
0.04800000 3.75846859 3.75648939
0.04200000 3.76353757 3.76015193
0.03600000 3.76629897 3.76341532
0.03000000 3.76816444 3.76624381
0.02400000 3.77087694 3.76860372
0.01800000 3.77408861 3.77046439
0.01200000 3.77573046 3.77180183
0.00600000 3.77561888 3.77259903
0.00000000 3.77511929 3.77284467
-0.00600000 3.77537539 3.77253497
-0.01200000 3.77532967 3.77167545
-0.01800000 3.77369143 3.77027927
-0.02400000 3.77055697 3.76836462
-0.03000000 3.76774063 3.76595608
-0.03600000 3.76571885 3.76308462
-0.04200000 3.76304529 3.75978436
-0.04800000 3.75831583 3.75609067
-0.05400000 3.75315307 3.75204137
-0.06000000 3.74936349 3.74767607
-0.06600000 3.74599022 3.74303270
-0.07200000 3.74053605 3.73814738
-0.07800000 3.73394230 3.73305713
-0.08400000 3.72883348 3.72779871
-0.09000000 3.72504619 3.72240498
-0.09600000 3.71943914 3.71690579
-0.10200000 3.71219700 3.71133240
-0.10800000 3.70624170 3.70571704
-0.11400000 3.70227664 3.70008846
-0.12000000 3.69698265 3.69447133
-0.12600000 3.68974811 3.68889210
-0.13200000 3.68338609 3.68338019
-0.13800000 3.67940483 3.67796298
-0.14400000 3.67487667 3.67266283
-0.15000000 3.66828928 3.66750257
-0.15600000 3.66198373 3.66250906
-0.16200000 3.65819931 3.65770852
-0.16800000 3.65472288 3.65312162
-0.17400000 3.64942784 3.64876857
-0.18000000 3.64375939 3.64467197
-0.18600000 3.64034803 3.64085262
-0.19200000 3.63806667 3.63732812
-0.19800000 3.63454993 3.63411441
-0.20400000 3.63011556 3.63122762
-0.21000000 3.62732064 3.62868115
-0.21600000 3.62623277 3.62648446
-0.22200000 3.62475940 3.62464491
-0.22800000 3.62206272 3.62316928
-0.23400000 3.62016948 3.62206126
-0.24000000 3.62017693 3.62132172
-0.24600000 3.62074927 3.62095126
0.24000000 3.61981114 3.62130844
0.24600000 3.62067313 3.62093742
0.23400000 3.63303686 3.63425316
0.22800000 3.63539000 3.63536226
0.22200000 3.63825929 3.63683972
0.21600000 3.63891003 3.63868224
0.21000000 3.63947786 3.64088630
0.20400000 3.64277977 3.64344543
0.19800000 3.64767769 3.64634746
0.19200000 3.65049249 3.64957719
0.18600000 3.65211783 3.65311943
0.18000000 3.65601744 3.65695758
0.17400000 3.66240321 3.66106981
0.16800000 3.66719179 3.66543189
0.16200000 3.66987794 3.67002041
0.15600000 3.67403221 3.67481429
0.15000000 3.68120881 3.67978885
0.14400000 3.68747948 3.68491272
0.13800000 3.69112514 3.69015765
0.13200000 3.69526625 3.69550084
0.12600000 3.70245782 3.70091702
0.12000000 3.70952638 3.70637487
0.11400000 3.71392317 3.71184471
0.10800000 3.71779847 3.71730267
0.10200000 3.72437492 3.72272428
0.09600000 3.73150688 3.72807989
0.09000000 3.73629527 3.73333981
0.08400000 3.73979941 3.73847860
0.07800000 3.74526346 3.74347035
0.07200000 3.75176959 3.74828393
0.06600000 3.75657167 3.75288679
0.06000000 3.75960159 3.75724914
0.05400000 3.76354799 3.76134031
0.04800000 3.76864792 3.76512456
0.04200000 3.77287867 3.76856568
0.03600000 3.77523350 3.77163209
0.03000000 3.77732842 3.77429348
0.02400000 3.78005043 3.77651747
0.01800000 3.78265895 3.77827525
0.01200000 3.78394805 3.77954769
0.00600000 3.78414608 3.78032145
0.00000000 3.78392153 3.78058469
-0.00600000 3.78381179 3.78033239
-0.01200000 3.78346862 3.77957189
-0.01800000 3.78220707 3.77831730
-0.02400000 3.77962897 3.77658354
-0.03000000 3.77679366 3.77439029
-0.03600000 3.77461451 3.77176658
-0.04200000 3.77235647 3.76874442
-0.04800000 3.76841578 3.76535298
-0.05400000 3.76357676 3.76162192
-0.06000000 3.75978064 3.75758590
-0.06600000 3.75682857 3.75327918
-0.07200000 3.75224596 3.74873083
-0.07800000 3.74612234 3.74396907
-0.08400000 3.74098110 3.73902550
-0.09000000 3.73754502 3.73393071
-0.09600000 3.73281134 3.72870989
-0.10200000 3.72599851 3.72338797
-0.10800000 3.71982035 3.71799434
-0.11400000 3.71601889 3.71255871
-0.12000000 3.71152236 3.70710537
-0.12600000 3.70460878 3.70165809
-0.13200000 3.69778553 3.69624641
-0.13800000 3.69372746 3.69090176
-0.14400000 3.68987643 3.68564947
-0.15000000 3.68354876 3.68051250
-0.15600000 3.67661900 3.67551926
-0.16200000 3.67254039 3.67070132
-0.16800000 3.66960902 3.66608370
-0.17400000 3.66458048 3.66168798
-0.18000000 3.65825115 3.65753804
-0.18600000 3.65439056 3.65365861
-0.19200000 3.65253946 3.65007246
-0.19800000 3.64936630 3.64679714
-0.20400000 3.64433149 3.64384876
-0.21000000 3.64100292 3.64124371
-0.21600000 3.64025790 3.63899599
-0.22200000 3.63922054 3.63711365
-0.22800000 3.63607307 3.63560160
-0.23400000 3.63360448 3.63446472
-0.24000000 3.63390000 3.63370704
-0.24600000 3.63504337 3.63332897
0.24000000 3.63344777 3.63351473
0.24600000 3.63490514 3.63314641
-0.23400000 3.74718912 3.74867281
-0.24000000 3.74727860 3.74814276
-0.24600000 3.74794640 3.74787771
-0.22800000 3.74848873 3.74946965
-0.22200000 3.75016920 3.75053600
-0.21600000 3.75088468 3.75187322
-0.21000000 3.75154700 3.75348159
-0.20400000 3.75355992 3.75536277
-0.19800000 3.75662967 3.75751830
-0.19200000 3.75887279 3.75994692
-0.18600000 3.76042303 3.76264559
-0.18000000 3.76304526 3.76561298
-0.17400000 3.76734248 3.76884749
-0.16800000 3.77119434 3.77234408
-0.16200000 3.77379283 3.77609454
-0.15600000 3.77693758 3.78009181
-0.15000000 3.78225019 3.78432847
-0.14400000 3.78767784 3.78879042
-0.13800000 3.79143720 3.79345918
-0.13200000 3.79502923 3.79831560
-0.12600000 3.80097115 3.80333895
-0.12000000 3.80770563 3.80850148
-0.11400000 3.81263735 3.81376919
-0.10800000 3.81644513 3.81910563
-0.10200000 3.82239166 3.82447204
-0.09600000 3.82973640 3.82982367
-0.09000000 3.83546980 3.83511103
-0.08400000 3.83922096 3.84028421
-0.07800000 3.84425499 3.84529260
-0.07200000 3.85098239 3.85008291
-0.06600000 3.85667077 3.85460164
-0.06000000 3.85994682 3.85880119
-0.05400000 3.86325775 3.86263910
-0.04800000 3.86793718 3.86607640
-0.04200000 3.87228898 3.86907998
-0.03600000 3.87457882 3.87162815
-0.03000000 3.87599150 3.87370880
-0.02400000 3.87781512 3.87531609
-0.01800000 3.87961099 3.87645020
-0.01200000 3.88040717 3.87711974
-0.00600000 3.88047683 3.87733813
0.00000000 3.88017867 3.87711870
0.00600000 3.87968950 3.87647449
0.01200000 3.87896550 3.87541925
0.01800000 3.87791310 3.87396555
0.02400000 3.87595665 3.87212230
0.03000000 3.87359744 3.86989745
0.03600000 3.87154248 3.86730013
0.04200000 3.86932828 3.86434079
0.04800000 3.86546453 3.86103123
0.05400000 3.86083975 3.85738837
0.06000000 3.85721500 3.85343527
0.06600000 3.85409757 3.84919948
0.07200000 3.84898470 3.84471146
0.07800000 3.84249259 3.84000764
0.08400000 3.83733635 3.83513077
0.09000000 3.83374776 3.83012512
0.09600000 3.82853545 3.82503255
0.10200000 3.82145989 3.81989519
0.10800000 3.81547322 3.81475779
0.11400000 3.81180058 3.80966244
0.12000000 3.80728503 3.80464398
0.12600000 3.80079411 3.79973344
0.13200000 3.79484868 3.79496231
0.13800000 3.79136570 3.79035813
0.14400000 3.78789367 3.78593998
0.15000000 3.78262422 3.78172290
0.15600000 3.77732141 3.77772333
0.16200000 3.77425448 3.77395556
0.16800000 3.77182703 3.77042639
0.17400000 3.76801790 3.76714005
0.18000000 3.76369519 3.76410311
0.18600000 3.76112379 3.76132108
0.19200000 3.75964260 3.75879570
0.19800000 3.75731123 3.75652662
0.20400000 3.75414555 3.75451527
0.21000000 3.75213382 3.75276318
0.21600000 3.75148368 3.75126899
0.22200000 3.75059783 3.75002943
0.22800000 3.74871923 3.74904221
0.23400000 3.74736604 3.74830542
0.24000000 3.74742687 3.74781653
0.24600000 3.74789793 3.74757281
