0.21000000 3.41449454 3.41401177
0.20400000 3.41560371 3.41441632
0.19800000 3.41703018 3.41491677
0.19200000 3.41688722 3.41551777
0.18600000 3.41654938 3.41622477
0.18000000 3.41780209 3.41703994
0.17400000 3.41990087 3.41795922
0.16800000 3.42063339 3.41897661
0.16200000 3.42067503 3.42008729
0.15600000 3.42198820 3.42128611
0.15000000 3.42448489 3.42256333
0.14400000 3.42593542 3.42390543
0.13800000 3.42632028 3.42530245
0.13200000 3.42760462 3.42674676
0.12600000 3.43021254 3.42822653
0.12000000 3.43209238 3.42972646
0.11400000 3.43271562 3.43123517
0.10800000 3.43385969 3.43274491
0.10200000 3.43633860 3.43424484
0.09600000 3.43835131 3.43572042
0.09000000 3.43905319 3.43716054
0.08400000 3.43996474 3.43855881
0.07800000 3.44212942 3.43990657
0.07200000 3.44402028 3.44119143
0.06600000 3.44461522 3.44240357
0.06000000 3.44522808 3.44353844
0.05400000 3.44694626 3.44459029
0.04800000 3.44851429 3.44554941
0.04200000 3.44883261 3.44640815
0.03600000 3.44907896 3.44716424
0.03000000 3.45027985 3.44781507
0.02400000 3.45138939 3.44835395
0.01800000 3.45129961 3.44877557
0.01200000 3.45112008 3.44908016
0.00600000 3.45180695 3.44926822
0.00000000 3.45240254 3.44933602
-0.00600000 3.45182032 3.44928073
-0.01200000 3.45115029 3.44910515
-0.01800000 3.45135097 3.44881287
-0.02400000 3.45144717 3.44840330
-0.03000000 3.45034364 3.44787623
-0.03600000 3.44916646 3.44723702
-0.04200000 3.44894169 3.44649231
-0.04800000 3.44862463 3.44564473
-0.05400000 3.44706319 3.44469651
-0.06000000 3.44537070 3.44365545
-0.06600000 3.44477674 3.44253118
-0.07200000 3.44418623 3.44132940
-0.07800000 3.44229696 3.44005465
-0.08400000 3.44015872 3.43871674
-0.09000000 3.43926674 3.43732801
-0.09600000 3.43857234 3.43589710
-0.10200000 3.43655568 3.43443032
-0.10800000 3.43409690 3.43293886
-0.11400000 3.43297981 3.43143722
-0.12000000 3.43235726 3.42993620
-0.12600000 3.43047555 3.42844352
-0.13200000 3.42788416 3.42697063
-0.13800000 3.42662698 3.42553281
-0.14400000 3.42624648 3.42414173
-0.15000000 3.42478584 3.42280488
-0.15600000 3.42230291 3.42153218
-0.16200000 3.42101342 3.42033696
-0.16800000 3.42098590 3.41922857
-0.17400000 3.42023808 3.41821197
-0.18000000 3.41814251 3.41729189
-0.18600000 3.41691213 3.41647399
-0.19200000 3.41725541 3.41576212
-0.19800000 3.41736624 3.41515411
-0.20400000 3.41593084 3.41464468
-0.21000000 3.41483511 3.41422946
-0.21600000 3.41540878 3.41390310
-0.22200000 3.41623980 3.41365496
-0.22800000 3.41553019 3.41347221
-0.23400000 3.41463465 3.41334512
-0.24000000 3.41511799 3.41326720
-0.24600000 3.41601694 3.41323134
0.21600000 3.41507362 3.41369726
0.22200000 3.41596487 3.41346134
0.22800000 3.41530544 3.41329012
0.23400000 3.41441183 3.41317286
0.24000000 3.41492672 3.41310215
0.24600000 3.41593784 3.41307013
-0.23400000 3.42688310 3.42848224
-0.24000000 3.42721655 3.42774559
-0.24600000 3.42848632 3.42737614
-0.22800000 3.42925389 3.42957935
-0.22200000 3.43237526 3.43102498
-0.21600000 3.43348807 3.43280462
-0.21000000 3.43424012 3.43490194
-0.20400000 3.43726291 3.43729762
-0.19800000 3.44183163 3.43996808
-0.19200000 3.44469697 3.44288913
-0.18600000 3.44631757 3.44603822
-0.18000000 3.44964713 3.44939270
-0.17400000 3.45507382 3.45292721
-0.16800000 3.45923070 3.45661712
-0.16200000 3.46155689 3.46044080
-0.15600000 3.46492768 3.46437933
-0.15000000 3.47066988 3.46841084
-0.14400000 3.47568533 3.47250856
-0.13800000 3.47856422 3.47665017
-0.13200000 3.48178345 3.48081855
-0.12600000 3.48733523 3.48499339
-0.12000000 3.49268522 3.48914852
-0.11400000 3.49590539 3.49326067
-0.10800000 3.49880102 3.49731236
-0.10200000 3.50374361 3.50128462
-0.09600000 3.50889067 3.50515296
-0.09000000 3.51211689 3.50889490
-0.08400000 3.51457228 3.51249449
-0.07800000 3.51858112 3.51593547
-0.07200000 3.52301504 3.51919693
-0.06600000 3.52586074 3.52225942
-0.06000000 3.52775684 3.52511024
-0.05400000 3.53065069 3.52773759
-0.04800000 3.53394818 3.53012555
-0.04200000 3.53602652 3.53225938
-0.03600000 3.53722085 3.53413114
-0.03000000 3.53895484 3.53573426
-0.02400000 3.54085699 3.53705847
-0.01800000 3.54181477 3.53809463
-0.01200000 3.54217458 3.53884017
-0.00600000 3.54281206 3.53929416
0.00000000 3.54324205 3.53945196
0.00600000 3.54283237 3.53931031
0.01200000 3.54220505 3.53887242
0.01800000 3.54185631 3.53814300
0.02400000 3.54092795 3.53712304
0.03000000 3.53904815 3.53581498
0.03600000 3.53731764 3.53422781
0.04200000 3.53613197 3.53237181
0.04800000 3.53408999 3.53025348
0.05400000 3.53081571 3.52788072
0.06000000 3.52792122 3.52526803
0.06600000 3.52603088 3.52243139
0.07200000 3.52322016 3.51938267
0.07800000 3.51881954 3.51613454
0.08400000 3.51480031 3.51270641
0.09000000 3.51234911 3.50911927
0.09600000 3.50915438 3.50538944
0.10200000 3.50404521 3.50153285
0.10800000 3.49910126 3.49757186
0.11400000 3.49619514 3.49353092
0.12000000 3.49301037 3.48942906
0.12600000 3.48769666 3.48528361
0.13200000 3.48215112 3.48111769
0.13800000 3.47890885 3.47695737
0.14400000 3.47605741 3.47282294
0.15000000 3.47108476 3.46873149
0.15600000 3.46534809 3.46470511
0.16200000 3.46195587 3.46077037
0.16800000 3.45963348 3.45694891
0.17400000 3.45551233 3.45325940
0.18000000 3.45009720 3.44972318
0.18600000 3.44673533 3.44636459
0.19200000 3.44510120 3.44320878
0.19800000 3.44226681 3.44027824
0.20400000 3.43769542 3.43759553
0.21000000 3.43464187 3.43518534
0.21600000 3.43383763 3.43307203
0.22200000 3.43269846 3.43127608
0.22800000 3.42956844 3.42981488
0.23400000 3.42714803 3.42870440
0.24000000 3.42740848 3.42795803
0.24600000 3.42857861 3.42758352
-0.23400000 3.61972561 3.61988315
-0.24000000 3.62008192 3.61950411
-0.24600000 3.62108163 3.61931793
-0.22800000 3.62095819 3.62046679
-0.22200000 3.62228133 3.62126946
-0.21600000 3.62216366 3.62230743
-0.21000000 3.62225232 3.62359813
-0.20400000 3.62429761 3.62515800
-0.19800000 3.62735908 3.62699854
-0.19200000 3.62904031 3.62912608
-0.18600000 3.63007365 3.63154373
-0.18000000 3.63277308 3.63425160
-0.17400000 3.63732891 3.63724361
-0.16800000 3.64095829 3.64050748
-0.16200000 3.64315969 3.64402796
-0.15600000 3.64632871 3.64778957
-0.15000000 3.65185882 3.65177296
-0.14400000 3.65709635 3.65595160
-0.13800000 3.66042057 3.66029857
-0.13200000 3.66386142 3.66478914
-0.12600000 3.66972090 3.66939568
-0.12000000 3.67592256 3.67408472
-0.11400000 3.68011816 3.67882310
-0.10800000 3.68355423 3.68358119
-0.10200000 3.68912869 3.68832794
-0.09600000 3.69552024 3.69302765
-0.09000000 3.70007412 3.69764513
-0.08400000 3.70327444 3.70214985
-0.07800000 3.70801031 3.70651146
-0.07200000 3.71377153 3.71069630
-0.06600000 3.71807170 3.71467154
-0.06000000 3.72076926 3.71840983
-0.05400000 3.72425121 3.72188567
-0.04800000 3.72862369 3.72507143
-0.04200000 3.73199577 3.72794103
-0.03600000 3.73389040 3.73047461
-0.03000000 3.73591864 3.73265512
-0.02400000 3.73835215 3.73446438
-0.01800000 3.74015747 3.73588656
-0.01200000 3.74097202 3.73691245
-0.00600000 3.74152601 3.73753624
0.00000000 3.74180605 3.73775133
0.00600000 3.74159755 3.73755423
0.01200000 3.74107779 3.73694827
0.01800000 3.74029920 3.73594004
0.02400000 3.73856305 3.73453528
0.03000000 3.73619453 3.73274304
0.03600000 3.73419724 3.73057905
0.04200000 3.73233260 3.72806149
0.04800000 3.72902115 3.72520736
0.05400000 3.72470659 3.72203640
0.06000000 3.72124813 3.71857460
0.06600000 3.71857156 3.71484966
0.07200000 3.71431871 3.71088712
0.07800000 3.70860480 3.70671416
0.08400000 3.70388918 3.70236358
0.09000000 3.70070128 3.69786920
0.09600000 3.69618463 3.69326144
0.10200000 3.68982914 3.68857066
0.10800000 3.68427115 3.68383200
0.11400000 3.68084335 3.67908137
0.12000000 3.67667633 3.67434988
0.12600000 3.67050115 3.66966698
0.13200000 3.66465837 3.66506574
0.13800000 3.66122102 3.66057977
0.14400000 3.65791130 3.65623670
0.15000000 3.65270141 3.65206100
0.15600000 3.64718842 3.64807939
0.16200000 3.64402152 3.64431839
0.16800000 3.64182048 3.64079714
0.17400000 3.63820967 3.63753081
0.18000000 3.63367022 3.63453441
0.18600000 3.63096516 3.63182003
0.19200000 3.62991640 3.62939380
0.19800000 3.62821914 3.62725549
0.20400000 3.62516739 3.62540195
0.21000000 3.62311714 3.62382733
0.21600000 3.62296993 3.62252101
0.22200000 3.62297542 3.62146746
0.22800000 3.62160163 3.62065011
0.23400000 3.62034729 3.62005393
0.24000000 3.62057026 3.61966590
0.24600000 3.62121505 3.61947514
0.23400000 3.63303686 3.63665176
0.22800000 3.63603690 3.63834940
0.22200000 3.64025118 3.64058772
0.21600000 3.64254145 3.64334485
0.21000000 3.64422576 3.64659402
0.20400000 3.64834081 3.65030628
0.19800000 3.65472982 3.65445040
0.19200000 3.65961937 3.65899278
0.18600000 3.66275616 3.66389929
0.18000000 3.66752092 3.66913759
0.17400000 3.67522625 3.67467508
0.16800000 3.68208925 3.68047881
0.16200000 3.68646531 3.68651676
0.15600000 3.69149146 3.69276071
0.15000000 3.69978066 3.69918167
0.14400000 3.70798320 3.70574439
0.13800000 3.71338243 3.71241507
0.13200000 3.71841286 3.71916531
0.12600000 3.72654474 3.72596587
0.12000000 3.73536165 3.73278070
0.11400000 3.74151699 3.73957251
0.10800000 3.74627764 3.74630904
0.10200000 3.75360307 3.75295896
0.09600000 3.76220321 3.75948545
0.09000000 3.76860346 3.76584968
0.08400000 3.77292355 3.77201739
0.07800000 3.77886471 3.77795662
0.07200000 3.78636585 3.78363179
0.06600000 3.79238905 3.78900579
0.06000000 3.79605020 3.79404600
0.05400000 3.80018915 3.79872301
0.04800000 3.80572394 3.80300548
0.04200000 3.81061491 3.80686199
0.03600000 3.81334097 3.81026633
0.03000000 3.81550541 3.81319604
0.02400000 3.81840543 3.81562862
0.01800000 3.82134797 3.81754343
0.01200000 3.82283707 3.81892652
0.00600000 3.82306626 3.81976854
0.00000000 3.82300723 3.82006134
-0.00600000 3.82327536 3.81980096
-0.01200000 3.82314664 3.81899082
-0.01800000 3.82171989 3.81763871
-0.02400000 3.81891276 3.81575359
-0.03000000 3.81617570 3.81334899
-0.03600000 3.81410102 3.81044518
-0.04200000 3.81141402 3.80706461
-0.04800000 3.80659898 3.80322957
-0.05400000 3.80116834 3.79896610
-0.06000000 3.79709650 3.79430559
-0.06600000 3.79345941 3.78927959
-0.07200000 3.78746870 3.78391764
-0.07800000 3.78001894 3.77825229
-0.08400000 3.77411622 3.77232079
-0.09000000 3.76980895 3.76615914
-0.09600000 3.76341083 3.75979953
-0.10200000 3.75482500 3.75327612
-0.10800000 3.74751350 3.74662786
-0.11400000 3.74275787 3.73989206
-0.12000000 3.73658871 3.73310027
-0.12600000 3.72776701 3.72628450
-0.13200000 3.71963066 3.71948209
-0.13800000 3.71460167 3.71272952
-0.14400000 3.70919226 3.70605610
-0.15000000 3.70096479 3.69948986
-0.15600000 3.69265663 3.69306448
-0.16200000 3.68762770 3.68681543
-0.16800000 3.68325074 3.68077152
-0.17400000 3.67635445 3.67496060
-0.18000000 3.66862569 3.66941443
-0.18600000 3.66384938 3.66416588
-0.19200000 3.66069488 3.65924763
-0.19800000 3.65574889 3.65469187
-0.20400000 3.64932582 3.65053262
-0.21000000 3.64519657 3.64680395
-0.21600000 3.64345607 3.64353804
-0.22200000 3.64102631 3.64076460
-0.22800000 3.63671690 3.63851116
-0.23400000 3.63368327 3.63680073
-0.24000000 3.63367207 3.63565050
-0.24600000 3.63461253 3.63507215
0.24000000 3.63315808 3.63551060
0.24600000 3.63447680 3.63493683
0.23400000 3.74718912 3.74788004
0.22800000 3.74829821 3.74844868
0.22200000 3.74965950 3.74921094
0.21600000 3.75000113 3.75016851
0.21000000 3.75032457 3.75132237
0.20400000 3.75193969 3.75267289
0.19800000 3.75439351 3.75421848
0.19200000 3.75597156 3.75595524
0.18600000 3.75696861 3.75787793
0.18000000 3.75895442 3.75998068
0.17400000 3.76225144 3.76225546
0.16800000 3.76502109 3.76469208
0.16200000 3.76675414 3.76727922
0.15600000 3.76898551 3.77000623
0.15000000 3.77279348 3.77286093
0.14400000 3.77650601 3.77582707
0.13800000 3.77893018 3.77888826
0.13200000 3.78129333 3.78202982
0.12600000 3.78522406 3.78523578
0.12000000 3.78948898 3.78848647
0.11400000 3.79246714 3.79176152
0.10800000 3.79480809 3.79504237
0.10200000 3.79848809 3.79831006
0.09600000 3.80283261 3.80154264
0.09000000 3.80606494 3.80471737
0.08400000 3.80825921 3.80781355
0.07800000 3.81133246 3.81081100
0.07200000 3.81521601 3.81368764
0.06600000 3.81831796 3.81642109
0.06000000 3.82020700 3.81899156
0.05400000 3.82239842 3.82138098
0.04800000 3.82529184 3.82357073
0.04200000 3.82778207 3.82554297
0.03600000 3.82916896 3.82728323
0.03000000 3.83035248 3.82877942
0.02400000 3.83186112 3.83001995
0.01800000 3.83325617 3.83099473
0.01200000 3.83394475 3.83169729
0.00600000 3.83414938 3.83212347
0.00000000 3.83418756 3.83226951
-0.00600000 3.83421995 3.83213358
-0.01200000 3.83404926 3.83171729
-0.01800000 3.83336943 3.83102426
-0.02400000 3.83199222 3.83005849
-0.03000000 3.83051995 3.82882632
-0.03600000 3.82936188 3.82733774
-0.04200000 3.82797805 3.82560436
-0.04800000 3.82548973 3.82363828
-0.05400000 3.82261689 3.82145396
-0.06000000 3.82044394 3.81906930
-0.06600000 3.81855740 3.81650307
-0.07200000 3.81545658 3.81377348
-0.07800000 3.81159014 3.81090033
-0.08400000 3.80853583 3.80790610
-0.09000000 3.80634459 3.80481306
-0.09600000 3.80311533 3.80164154
-0.10200000 3.79879065 3.79841219
-0.10800000 3.79513331 3.79514781
-0.11400000 3.79279880 3.79187052
-0.12000000 3.78982619 3.78859934
-0.12600000 3.78557969 3.78535273
-0.13200000 3.78167958 3.78215101
-0.13800000 3.77932502 3.77901394
-0.14400000 3.77689896 3.77595742
-0.15000000 3.77320693 3.77299592
-0.15600000 3.76943713 3.77014568
-0.16200000 3.76721882 3.76742283
-0.16800000 3.76547205 3.76483929
-0.17400000 3.76271133 3.76240543
-0.18000000 3.75945483 3.76013232
-0.18600000 3.75748375 3.75802992
-0.19200000 3.75646072 3.75610611
-0.19800000 3.75486023 3.75436660
-0.20400000 3.75243697 3.75281654
-0.21000000 3.75083903 3.75146001
-0.21600000 3.75046564 3.75029915
-0.22200000 3.75003281 3.74933409
-0.22800000 3.74863981 3.74856442
-0.23400000 3.74752337 3.74798923
-0.24000000 3.74764693 3.74760709
-0.24600000 3.74815416 3.74741644
0.24000000 3.74738471 3.74750267
0.24600000 3.74807886 3.74731448
