-0.00600000 1.59097024 1.59254555
-0.01200000 1.59147014 1.59252435
-0.01800000 1.59101297 1.59244454
-0.02400000 1.59021827 1.59230658
-0.03000000 1.59043552 1.59211120
-0.03600000 1.59086917 1.59185523
-0.04200000 1.59037624 1.59153330
-0.04800000 1.58926231 1.59114430
-0.05400000 1.58899650 1.59068879
-0.06000000 1.58926748 1.59016513
-0.06600000 1.58874166 1.58956902
-0.07200000 1.58733162 1.58890006
-0.07800000 1.58651939 1.58816041
-0.08400000 1.58648500 1.58735203
-0.09000000 1.58592608 1.58647440
-0.09600000 1.58433808 1.58553084
-0.10200000 1.58299418 1.58452758
-0.10800000 1.58253717 1.58347199
-0.11400000 1.58194945 1.58236924
-0.12000000 1.58038394 1.58122825
-0.12600000 1.57867885 1.58006091
-0.13200000 1.57779265 1.57888014
-0.13800000 1.57717763 1.57769612
-0.14400000 1.57588480 1.57652132
-0.15000000 1.57418123 1.57537066
-0.15600000 1.57303384 1.57425870
-0.16200000 1.57242834 1.57319568
-0.16800000 1.57158475 1.57219146
-0.17400000 1.57031577 1.57125687
-0.18000000 1.56927555 1.57040079
-0.18600000 1.56876108 1.56962662
-0.19200000 1.56832744 1.56893501
-0.19800000 1.56767715 1.56832706
-0.20400000 1.56706240 1.56780297
-0.21000000 1.56674577 1.56735929
-0.21600000 1.56653299 1.56698931
-0.22200000 1.56623768 1.56668712
-0.22800000 1.56593416 1.56644820
-0.23400000 1.56577726 1.56626767
-0.24000000 1.56573490 1.56613839
-0.24600000 1.56575010 1.56605408
-0.25200000 1.56578182 1.56601187
0.00000000 1.59037656 1.59251239
0.00600000 1.59082178 1.59242784
0.01200000 1.59123483 1.59229036
0.01800000 1.59071631 1.59209715
0.02400000 1.58981494 1.59185009
0.03000000 1.58988065 1.59155112
0.03600000 1.59021362 1.59119823
0.04200000 1.58968413 1.59078709
0.04800000 1.58852214 1.59031756
0.05400000 1.58814445 1.58979098
0.06000000 1.58831814 1.58920642
0.06600000 1.58777639 1.58856017
0.07200000 1.58637876 1.58785255
0.07800000 1.58551449 1.58708630
0.08400000 1.58540658 1.58626390
0.09000000 1.58485092 1.58538529
0.09600000 1.58333319 1.58445436
0.10200000 1.58201520 1.58347787
0.10800000 1.58152961 1.58246348
0.11400000 1.58096774 1.58141635
0.12000000 1.57952424 1.58034509
0.12600000 1.57793522 1.57926129
0.13200000 1.57709612 1.57817701
0.13800000 1.57653237 1.57710106
0.14400000 1.57538265 1.57604362
0.15000000 1.57387214 1.57501706
0.15600000 1.57286046 1.57403303
0.16200000 1.57232863 1.57309844
0.16800000 1.57159012 1.57221899
0.17400000 1.57050257 1.57140100
0.18000000 1.56964574 1.57064920
0.18600000 1.56921622 1.56996358
0.19200000 1.56879084 1.56934171
0.19800000 1.56816777 1.56878226
0.20400000 1.56765168 1.56828436
0.21000000 1.56738906 1.56784562
0.21600000 1.56710320 1.56746227
0.22200000 1.56664607 1.56713242
0.22800000 1.56622962 1.56685658
0.23400000 1.56602809 1.56663582
0.24000000 1.56594476 1.56646958
0.24600000 1.56587122 1.56635735
0.25200000 1.56580437 1.56630028
-0.00600000 1.70058316 1.70075903
-0.01200000 1.70095218 1.70075399
-0.01800000 1.70053756 1.70061893
-0.02400000 1.69968403 1.70035388
-0.03000000 1.69947110 1.69996040
-0.03600000 1.69952967 1.69943520
-0.04200000 1.69881531 1.69876933
-0.04800000 1.69722133 1.69795437
-0.05400000 1.69613567 1.69698448
-0.06000000 1.69582732 1.69585041
-0.06600000 1.69479355 1.69453560
-0.07200000 1.69234554 1.69302306
-0.07800000 1.69024166 1.69130275
-0.08400000 1.68944137 1.68936778
-0.09000000 1.68803341 1.68720819
-0.09600000 1.68448003 1.68481652
-0.10200000 1.68075143 1.68219738
-0.10800000 1.67881926 1.67936368
-0.11400000 1.67707181 1.67632593
-0.12000000 1.67299366 1.67309414
-0.12600000 1.66792988 1.66968693
-0.13200000 1.66476541 1.66612932
-0.13800000 1.66267653 1.66244087
-0.14400000 1.65863026 1.65863690
-0.15000000 1.65289922 1.65473711
-0.15600000 1.64882440 1.65076646
-0.16200000 1.64648726 1.64674642
-0.16800000 1.64269351 1.64269869
-0.17400000 1.63674055 1.63865067
-0.18000000 1.63203652 1.63463646
-0.18600000 1.62954964 1.63068929
-0.19200000 1.62632112 1.62684235
-0.19800000 1.62088244 1.62313864
-0.20400000 1.61599198 1.61963030
-0.21000000 1.61352668 1.61637022
-0.21600000 1.61141984 1.61340275
-0.22200000 1.60781190 1.61076898
-0.22800000 1.60393158 1.60851268
-0.23400000 1.60189025 1.60667443
-0.24000000 1.60138795 1.60527816
-0.24600000 1.60124595 1.60433511
-0.25200000 1.60074532 1.60385731
0.00000000 1.70002205 1.70063861
0.00600000 1.70011632 1.70039542
0.01200000 1.70021835 1.70002737
0.01800000 1.69958340 1.69953097
0.02400000 1.69834010 1.69890757
0.03000000 1.69764333 1.69816034
0.03600000 1.69739573 1.69728842
0.04200000 1.69651963 1.69628597
0.04800000 1.69467157 1.69514909
0.05400000 1.69315632 1.69387788
0.06000000 1.69250801 1.69247006
0.06600000 1.69138160 1.69091607
0.07200000 1.68887694 1.68920566
0.07800000 1.68646569 1.68733487
0.08400000 1.68530246 1.68530063
0.09000000 1.68388889 1.68309345
0.09600000 1.68060277 1.68070302
0.10200000 1.67698802 1.67812864
0.10800000 1.67500683 1.67537586
0.11400000 1.67329340 1.67244631
0.12000000 1.66938798 1.66934093
0.12600000 1.66447405 1.66607054
0.13200000 1.66137849 1.66265416
0.13800000 1.65934542 1.65910743
0.14400000 1.65540589 1.65544317
0.15000000 1.64981686 1.65167991
0.15600000 1.64586629 1.64784276
0.16200000 1.64360084 1.64395505
0.16800000 1.63989448 1.64004049
0.17400000 1.63409797 1.63612778
0.18000000 1.62955059 1.63225226
0.18600000 1.62716002 1.62844936
0.19200000 1.62403912 1.62475432
0.19800000 1.61880330 1.62121099
0.20400000 1.61411314 1.61787098
0.21000000 1.61176614 1.61478522
0.21600000 1.60981957 1.61199464
0.22200000 1.60652318 1.60953517
0.22800000 1.60295441 1.60744339
0.23400000 1.60106518 1.60575135
0.24000000 1.60071898 1.60447435
0.24600000 1.60092120 1.60361607
0.25200000 1.60081614 1.60318246
0.00000000 1.71215929 1.71269736
-0.00600000 1.71259069 1.71258618
-0.01200000 1.71288742 1.71226578
-0.01800000 1.71206913 1.71173143
-0.02400000 1.71044106 1.71098106
-0.03000000 1.70960759 1.71001507
-0.03600000 1.70934888 1.70883402
-0.04200000 1.70808680 1.70743814
-0.04800000 1.70535272 1.70583126
-0.05400000 1.70309607 1.70402213
-0.06000000 1.70207700 1.70202195
-0.06600000 1.70052933 1.69984086
-0.07200000 1.69710294 1.69749222
-0.07800000 1.69359771 1.69499514
-0.08400000 1.69167282 1.69237173
-0.09000000 1.68999665 1.68963995
-0.09600000 1.68653737 1.68681683
-0.10200000 1.68240238 1.68392257
-0.10800000 1.67973712 1.68097852
-0.11400000 1.67800802 1.67799777
-0.12000000 1.67491839 1.67498891
-0.12600000 1.67076722 1.67196206
-0.13200000 1.66782707 1.66892962
-0.13800000 1.66605824 1.66589773
-0.14400000 1.66315140 1.66287075
-0.15000000 1.65885746 1.65985798
-0.15600000 1.65553028 1.65687500
-0.16200000 1.65371296 1.65393602
-0.16800000 1.65120655 1.65105658
-0.17400000 1.64714896 1.64825825
-0.18000000 1.64363106 1.64556826
-0.18600000 1.64183318 1.64301140
-0.19200000 1.64004578 1.64060841
-0.19800000 1.63699179 1.63838323
-0.20400000 1.63395595 1.63636247
-0.21000000 1.63241213 1.63456756
-0.21600000 1.63151368 1.63300735
-0.22200000 1.63012470 1.63168472
-0.22800000 1.62842055 1.63060239
-0.23400000 1.62747444 1.62975969
-0.24000000 1.62740800 1.62914441
-0.24600000 1.62782017 1.62873972
-0.25200000 1.62807245 1.62853700
0.00600000 1.71256925 1.71260312
0.01200000 1.71285748 1.71230550
0.01800000 1.71213159 1.71180739
0.02400000 1.71066908 1.71111449
0.03000000 1.70988290 1.71023240
0.03600000 1.70959624 1.70916542
0.04200000 1.70853884 1.70791795
0.04800000 1.70626526 1.70649921
0.05400000 1.70430117 1.70492228
0.06000000 1.70334465 1.70320049
0.06600000 1.70207074 1.70134521
0.07200000 1.69930020 1.69937134
0.07800000 1.69632481 1.69729849
0.08400000 1.69458982 1.69514520
0.09000000 1.69322444 1.69292200
0.09600000 1.69052406 1.69063542
0.10200000 1.68722923 1.68829371
0.10800000 1.68511762 1.68590312
0.11400000 1.68366695 1.68345969
0.12000000 1.68092178 1.68095410
0.12600000 1.67735323 1.67838100
0.13200000 1.67503966 1.67573952
0.13800000 1.67348042 1.67302537
0.14400000 1.67042378 1.67023422
0.15000000 1.66611626 1.66737006
0.15600000 1.66310182 1.66444675
0.16200000 1.66136890 1.66147992
0.16800000 1.65845912 1.65848686
0.17400000 1.65391123 1.65549084
0.18000000 1.65032149 1.65252368
0.18600000 1.64845494 1.64961825
0.19200000 1.64615406 1.64680374
0.19800000 1.64230476 1.64411243
0.20400000 1.63881512 1.64158136
0.21000000 1.63704345 1.63924655
0.21600000 1.63562197 1.63713561
0.22200000 1.63329132 1.63527277
0.22800000 1.63081035 1.63368421
0.23400000 1.62950246 1.63239428
0.24000000 1.62905465 1.63141634
0.24600000 1.62867451 1.63075622
0.25200000 1.62805575 1.63042169
0.00000000 1.72877714 1.72964307
-0.00600000 1.72934931 1.72955941
-0.01200000 1.72974897 1.72923944
-0.01800000 1.72888622 1.72868137
-0.02400000 1.72718534 1.72788645
-0.03000000 1.72635121 1.72685733
-0.03600000 1.72607518 1.72559586
-0.04200000 1.72479357 1.72410152
-0.04800000 1.72207511 1.72237519
-0.05400000 1.71977286 1.72042032
-0.06000000 1.71862247 1.71824331
-0.06600000 1.71699566 1.71584755
-0.07200000 1.71353091 1.71323571
-0.07800000 1.70984116 1.71041172
-0.08400000 1.70763050 1.70738808
-0.09000000 1.70570516 1.70417680
-0.09600000 1.70183743 1.70079175
-0.10200000 1.69699146 1.69724895
-0.10800000 1.69358884 1.69357499
-0.11400000 1.69140912 1.68979972
-0.12000000 1.68770638 1.68596031
-0.12600000 1.68224610 1.68210129
-0.13200000 1.67768989 1.67827751
-0.13800000 1.67534697 1.67454476
-0.14400000 1.67271633 1.67095971
-0.15000000 1.66798785 1.66757819
-0.15600000 1.66306139 1.66445247
-0.16200000 1.66077480 1.66161973
-0.16800000 1.65989532 1.65910038
-0.17400000 1.65779163 1.65690153
-0.18000000 1.65469022 1.65502078
-0.18600000 1.65307498 1.65344020
-0.19200000 1.65280909 1.65212661
-0.19800000 1.65217332 1.65104648
-0.20400000 1.65058873 1.65017174
-0.21000000 1.64962076 1.64947472
-0.21600000 1.64956244 1.64892221
-0.22200000 1.64950900 1.64848571
-0.22800000 1.64873159 1.64814939
-0.23400000 1.64813490 1.64790440
-0.24000000 1.64822456 1.64773535
-0.24600000 1.64855221 1.64762443
-0.25200000 1.64830241 1.64756631
0.00600000 1.72925675 1.72949180
0.01200000 1.72959832 1.72910480
0.01800000 1.72866509 1.72848068
0.02400000 1.72685907 1.72762124
0.03000000 1.72593999 1.72653000
0.03600000 1.72562642 1.72520944
0.04200000 1.72427849 1.72365962
0.04800000 1.72144747 1.72188253
0.05400000 1.71908099 1.71988343
0.06000000 1.71792888 1.71766970
0.06600000 1.71625198 1.71524569
0.07200000 1.71267866 1.71261678
0.07800000 1.70895174 1.70979176
0.08400000 1.70678673 1.70678557
0.09000000 1.70484960 1.70361176
0.09600000 1.70091113 1.70028687
0.10200000 1.69609228 1.69683175
0.10800000 1.69282056 1.69327551
0.11400000 1.69069678 1.68964772
0.12000000 1.68698301 1.68598282
0.12600000 1.68166616 1.68232040
0.13200000 1.67742763 1.67870638
0.13800000 1.67521974 1.67518363
0.14400000 1.67255003 1.67179394
0.15000000 1.66803177 1.66857852
0.15600000 1.66366760 1.66557662
0.16200000 1.66159350 1.66281596
0.16800000 1.66038028 1.66031320
0.17400000 1.65799887 1.65807799
0.18000000 1.65503714 1.65611576
0.18600000 1.65351298 1.65441976
0.19200000 1.65304471 1.65297012
0.19800000 1.65217554 1.65174679
0.20400000 1.65059142 1.65073297
0.21000000 1.64965345 1.64990876
0.21600000 1.64953140 1.64924609
0.22200000 1.64941507 1.64871944
0.22800000 1.64867277 1.64831283
0.23400000 1.64810880 1.64801472
0.24000000 1.64820460 1.64780723
0.24600000 1.64855641 1.64767235
0.25200000 1.64834730 1.64760343
-0.00600000 1.75521899 1.75526442
-0.01200000 1.75567105 1.75507115
-0.01800000 1.75490810 1.75465497
-0.02400000 1.75333711 1.75402090
-0.03000000 1.75263662 1.75317588
-0.03600000 1.75246302 1.75212713
-0.04200000 1.75133356 1.75088276
-0.04800000 1.74886292 1.74945469
-0.05400000 1.74683428 1.74785685
-0.06000000 1.74593253 1.74610414
-0.06600000 1.74460931 1.74421093
-0.07200000 1.74169612 1.74219526
-0.07800000 1.73870449 1.74007715
-0.08400000 1.73705158 1.73787799
-0.09000000 1.73568094 1.73561659
-0.09600000 1.73288968 1.73331399
-0.10200000 1.72952397 1.73099273
-0.10800000 1.72732460 1.72867611
-0.11400000 1.72600070 1.72638204
-0.12000000 1.72376051 1.72412806
-0.12600000 1.72066016 1.72193230
-0.13200000 1.71833321 1.71981270
-0.13800000 1.71711142 1.71778028
-0.14400000 1.71553882 1.71584317
-0.15000000 1.71309232 1.71401035
-0.15600000 1.71100580 1.71229097
-0.16200000 1.70995404 1.71068820
-0.16800000 1.70893226 1.70920185
-0.17400000 1.70722021 1.70783325
-0.18000000 1.70556688 1.70658568
-0.18600000 1.70472547 1.70545844
-0.19200000 1.70412222 1.70444635
-0.19800000 1.70311472 1.70354650
-0.20400000 1.70197545 1.70275912
-0.21000000 1.70137021 1.70208252
-0.21600000 1.70109766 1.70150957
-0.22200000 1.70070533 1.70103300
-0.22800000 1.70012455 1.70064890
-0.23400000 1.69977567 1.70035409
-0.24000000 1.69975379 1.70014089
-0.24600000 1.69987193 1.70000074
-0.25200000 1.69985728 1.69993011
0.00000000 1.75453566 1.75523339
0.00600000 1.75485597 1.75497815
0.01200000 1.75509942 1.75449937
0.01800000 1.75416181 1.75379965
0.02400000 1.75228023 1.75288470
0.03000000 1.75119821 1.75176160
0.03600000 1.75078095 1.75043950
0.04200000 1.74953505 1.74892950
0.04800000 1.74688580 1.74724598
0.05400000 1.74451801 1.74540487
0.06000000 1.74331843 1.74342524
0.06600000 1.74195310 1.74132697
0.07200000 1.73909616 1.73913385
0.07800000 1.73590785 1.73687140
0.08400000 1.73392010 1.73456743
0.09000000 1.73258491 1.73224695
0.09600000 1.73018247 1.72993604
0.10200000 1.72694653 1.72766048
0.10800000 1.72451134 1.72544499
0.11400000 1.72327260 1.72330608
0.12000000 1.72163973 1.72125669
0.12600000 1.71902309 1.71930780
0.13200000 1.71674313 1.71746836
0.13800000 1.71563408 1.71573888
0.14400000 1.71452958 1.71411565
0.15000000 1.71256198 1.71259587
0.15600000 1.71066838 1.71117848
0.16200000 1.70972566 1.70985853
0.16800000 1.70892849 1.70862871
0.17400000 1.70746388 1.70748433
0.18000000 1.70593096 1.70642549
0.18600000 1.70514585 1.70545180
0.19200000 1.70460254 1.70455932
0.19800000 1.70362975 1.70374567
0.20400000 1.70248675 1.70301320
0.21000000 1.70187456 1.70236542
0.21600000 1.70157716 1.70180128
0.22200000 1.70110152 1.70131790
0.22800000 1.70042050 1.70091602
0.23400000 1.70002255 1.70059826
0.24000000 1.69995608 1.70036295
0.24600000 1.69996698 1.70020567
0.25200000 1.69982336 1.70012568
