0.01200000 1.59097024 1.59172280
0.00600000 1.59053925 1.59173878
0.00000000 1.59005186 1.59169891
-0.00600000 1.59038631 1.59160547
-0.01200000 1.59071183 1.59145761
-0.01800000 1.59023378 1.59125393
-0.02400000 1.58945584 1.59099551
-0.03000000 1.58943926 1.59068369
-0.03600000 1.58964538 1.59031699
-0.04200000 1.58912888 1.58989282
-0.04800000 1.58810501 1.58941077
-0.05400000 1.58768305 1.58887185
-0.06000000 1.58770048 1.58827530
-0.06600000 1.58714150 1.58761932
-0.07200000 1.58588762 1.58690429
-0.07800000 1.58502882 1.58613289
-0.08400000 1.58475721 1.58530731
-0.09000000 1.58415547 1.58442923
-0.09600000 1.58276489 1.58350255
-0.10200000 1.58150159 1.58253383
-0.10800000 1.58087777 1.58152988
-0.11400000 1.58024909 1.58049718
-0.12000000 1.57889288 1.57944398
-0.12600000 1.57739781 1.57838101
-0.13200000 1.57646637 1.57731901
-0.13800000 1.57582904 1.57626738
-0.14400000 1.57471968 1.57523583
-0.15000000 1.57330952 1.57423530
-0.15600000 1.57226176 1.57327572
-0.16200000 1.57166972 1.57236437
-0.16800000 1.57093472 1.57150705
-0.17400000 1.56992178 1.57070921
-0.18000000 1.56906206 1.56997461
-0.18600000 1.56859527 1.56930370
-0.19200000 1.56816886 1.56869521
-0.19800000 1.56759419 1.56814814
-0.20400000 1.56708420 1.56766217
-0.21000000 1.56679882 1.56723579
-0.21600000 1.56651308 1.56686652
-0.22200000 1.56609149 1.56655251
-0.22800000 1.56566393 1.56629336
-0.23400000 1.56542581 1.56608863
-0.24000000 1.56539143 1.56593665
-0.24600000 1.56546194 1.56583548
-0.25200000 1.56553528 1.56578462
0.01800000 1.59056172 1.59164795
0.02400000 1.58988840 1.59151387
0.03000000 1.59002861 1.59132072
0.03600000 1.59036093 1.59106595
0.04200000 1.58988239 1.59074574
0.04800000 1.58889570 1.59035888
0.05400000 1.58859396 1.58990574
0.06000000 1.58874007 1.58938508
0.06600000 1.58819677 1.58879441
0.07200000 1.58691546 1.58813379
0.07800000 1.58612137 1.58740565
0.08400000 1.58596343 1.58661199
0.09000000 1.58536186 1.58575409
0.09600000 1.58389002 1.58483567
0.10200000 1.58262659 1.58386328
0.10800000 1.58208163 1.58284362
0.11400000 1.58144172 1.58178311
0.12000000 1.57996356 1.58069029
0.12600000 1.57839881 1.57957657
0.13200000 1.57748854 1.57845329
0.13800000 1.57682658 1.57733073
0.14400000 1.57558335 1.57622016
0.15000000 1.57404966 1.57513492
0.15600000 1.57294979 1.57408731
0.16200000 1.57231711 1.57308660
0.16800000 1.57148865 1.57214101
0.17400000 1.57035386 1.57125905
0.18000000 1.56939999 1.57044739
0.18600000 1.56887798 1.56970850
0.19200000 1.56842839 1.56904247
0.19800000 1.56782057 1.56844923
0.20400000 1.56726310 1.56792810
0.21000000 1.56694324 1.56747581
0.21600000 1.56667288 1.56708779
0.22200000 1.56630473 1.56676043
0.22800000 1.56596083 1.56649194
0.23400000 1.56577918 1.56628031
0.24000000 1.56567455 1.56612297
0.24600000 1.56556272 1.56601789
0.25200000 1.56544024 1.56596500
0.01200000 1.70058316 1.70018786
0.00600000 1.70031838 1.70025306
0.00000000 1.69994017 1.70019006
-0.00600000 1.70005292 1.70000054
-0.01200000 1.70012397 1.69968296
-0.01800000 1.69955580 1.69923522
-0.02400000 1.69852071 1.69865754
-0.03000000 1.69788829 1.69795104
-0.03600000 1.69754671 1.69711419
-0.04200000 1.69669066 1.69614239
-0.04800000 1.69505311 1.69503172
-0.05400000 1.69365059 1.69378042
-0.06000000 1.69283988 1.69238517
-0.06600000 1.69167192 1.69083825
-0.07200000 1.68938090 1.68913178
-0.07800000 1.68711063 1.68726150
-0.08400000 1.68572103 1.68522433
-0.09000000 1.68418829 1.68301386
-0.09600000 1.68111938 1.68062420
-0.10200000 1.67769794 1.67805523
-0.10800000 1.67545443 1.67531157
-0.11400000 1.67353910 1.67239675
-0.12000000 1.66986586 1.66931456
-0.12600000 1.66532342 1.66607462
-0.13200000 1.66208077 1.66269237
-0.13800000 1.65978874 1.65918317
-0.14400000 1.65593774 1.65556093
-0.15000000 1.65075794 1.65184294
-0.15600000 1.64674010 1.64805166
-0.16200000 1.64418614 1.64421133
-0.16800000 1.64044719 1.64034664
-0.17400000 1.63503739 1.63648605
-0.18000000 1.63051093 1.63266379
-0.18600000 1.62783813 1.62891606
-0.19200000 1.62461008 1.62527989
-0.19800000 1.61966774 1.62179747
-0.20400000 1.61511123 1.61851796
-0.21000000 1.61256366 1.61548913
-0.21600000 1.61046564 1.61275156
-0.22200000 1.60728436 1.61034054
-0.22800000 1.60387650 1.60829062
-0.23400000 1.60196282 1.60663040
-0.24000000 1.60150959 1.60537577
-0.24600000 1.60156217 1.60453297
-0.25200000 1.60138337 1.60410831
0.01800000 1.70014812 1.69999113
0.02400000 1.69930844 1.69966208
0.03000000 1.69897467 1.69920080
0.03600000 1.69888718 1.69860430
0.04200000 1.69811216 1.69786498
0.04800000 1.69655970 1.69697563
0.05400000 1.69543166 1.69593042
0.06000000 1.69493510 1.69472136
0.06600000 1.69379851 1.69333505
0.07200000 1.69143212 1.69175873
0.07800000 1.68935631 1.68998418
0.08400000 1.68831931 1.68800573
0.09000000 1.68676460 1.68581573
0.09600000 1.68337137 1.68341006
0.10200000 1.67985516 1.68079294
0.10800000 1.67775569 1.67797439
0.11400000 1.67580542 1.67496359
0.12000000 1.67185465 1.67177109
0.12600000 1.66715548 1.66841372
0.13200000 1.66394902 1.66491212
0.13800000 1.66162415 1.66128458
0.14400000 1.65758233 1.65754755
0.15000000 1.65227658 1.65372114
0.15600000 1.64826668 1.64982835
0.16200000 1.64569291 1.64589183
0.16800000 1.64182451 1.64193470
0.17400000 1.63629760 1.63798548
0.18000000 1.63176866 1.63407742
0.18600000 1.62908156 1.63024375
0.19200000 1.62573565 1.62651923
0.19800000 1.62066937 1.62294565
0.20400000 1.61608527 1.61957199
0.21000000 1.61351718 1.61644551
0.21600000 1.61129052 1.61360806
0.22200000 1.60793088 1.61109839
0.22800000 1.60441563 1.60895521
0.23400000 1.60244412 1.60721128
0.24000000 1.60188644 1.60588760
0.24600000 1.60175640 1.60499576
0.25200000 1.60139089 1.60454586
-0.01200000 1.71215929 1.71103224
-0.01800000 1.71147621 1.71053182
-0.02400000 1.71023476 1.70983118
-0.03000000 1.70938899 1.70893361
-0.03600000 1.70882734 1.70784282
-0.04200000 1.70761953 1.70656364
-0.04800000 1.70550323 1.70510289
-0.05400000 1.70355624 1.70346968
-0.06000000 1.70226131 1.70167427
-0.06600000 1.70066026 1.69972755
-0.07200000 1.69794279 1.69764181
-0.07800000 1.69507191 1.69543127
-0.08400000 1.69304002 1.69311025
-0.09000000 1.69120877 1.69069135
-0.09600000 1.68833259 1.68818577
-0.10200000 1.68504162 1.68560443
-0.10800000 1.68256136 1.68295711
-0.11400000 1.68058964 1.68025051
-0.12000000 1.67768152 1.67748930
-0.12600000 1.67418272 1.67467837
-0.13200000 1.67146900 1.67182383
-0.13800000 1.66936091 1.66893129
-0.14400000 1.66632428 1.66600753
-0.15000000 1.66243465 1.66306244
-0.15600000 1.65928116 1.66011011
-0.16200000 1.65703476 1.65716681
-0.16800000 1.65418222 1.65425155
-0.17400000 1.65030533 1.65138658
-0.18000000 1.64692132 1.64859727
-0.18600000 1.64470552 1.64590994
-0.19200000 1.64241320 1.64335034
-0.19800000 1.63926500 1.64094519
-0.20400000 1.63627589 1.63872102
-0.21000000 1.63441633 1.63670200
-0.21600000 1.63299440 1.63490681
-0.22200000 1.63122978 1.63335052
-0.22800000 1.62937008 1.63204494
-0.23400000 1.62825693 1.63099854
-0.24000000 1.62785789 1.63021386
-0.24600000 1.62779239 1.62969044
-0.25200000 1.62765805 1.62942817
-0.00600000 1.71206410 1.71133040
0.00000000 1.71182425 1.71142547
0.00600000 1.71205094 1.71131751
0.01200000 1.71213738 1.71100645
0.01800000 1.71144624 1.71049317
0.02400000 1.71019035 1.70977976
0.03000000 1.70932900 1.70886961
0.03600000 1.70875594 1.70776660
0.04200000 1.70754113 1.70647580
0.04800000 1.70541410 1.70500434
0.05400000 1.70344779 1.70336176
0.06000000 1.70213786 1.70155875
0.06600000 1.70053310 1.69960666
0.07200000 1.69781763 1.69751821
0.07800000 1.69493818 1.69530794
0.08400000 1.69289329 1.69299039
0.09000000 1.69106752 1.69057814
0.09600000 1.68821765 1.68808226
0.10200000 1.68495225 1.68551330
0.10800000 1.68248577 1.68288056
0.11400000 1.68052642 1.68019007
0.12000000 1.67763773 1.67744589
0.12600000 1.67416596 1.67465224
0.13200000 1.67147415 1.67181464
0.13800000 1.66938146 1.66893822
0.14400000 1.66635482 1.66602935
0.15000000 1.66248296 1.66309763
0.15600000 1.65934290 1.66015691
0.16200000 1.65710687 1.65722338
0.16800000 1.65425935 1.65431595
0.17400000 1.65039143 1.65145680
0.18000000 1.64701290 1.64867128
0.18600000 1.64479906 1.64598576
0.19200000 1.64250867 1.64342607
0.19800000 1.63935613 1.64101906
0.20400000 1.63635991 1.63879144
0.21000000 1.63449383 1.63676766
0.21600000 1.63306618 1.63496675
0.22200000 1.63129210 1.63340422
0.22800000 1.62941906 1.63209235
0.23400000 1.62829491 1.63104013
0.24000000 1.62788572 1.63025057
0.24600000 1.62780749 1.62972364
0.25200000 1.62765919 1.62945956
0.01200000 1.72877714 1.72751149
0.00600000 1.72863182 1.72784283
0.00000000 1.72830889 1.72794305
-0.00600000 1.72858899 1.72781263
-0.01200000 1.72871027 1.72745114
-0.01800000 1.72790673 1.72685877
-0.02400000 1.72647491 1.72603639
-0.03000000 1.72553087 1.72498615
-0.03600000 1.72489735 1.72370992
-0.04200000 1.72351398 1.72220972
-0.04800000 1.72110874 1.72048828
-0.05400000 1.71892071 1.71855021
-0.06000000 1.71741659 1.71640141
-0.06600000 1.71553931 1.71404832
-0.07200000 1.71236506 1.71149823
-0.07800000 1.70900140 1.70876089
-0.08400000 1.70656036 1.70584937
-0.09000000 1.70428744 1.70277892
-0.09600000 1.70062539 1.69956717
-0.10200000 1.69631845 1.69623508
-0.10800000 1.69295567 1.69280826
-0.11400000 1.69039859 1.68931552
-0.12000000 1.68674750 1.68578948
-0.12600000 1.68200019 1.68226625
-0.13200000 1.67792752 1.67878523
-0.13800000 1.67530112 1.67538631
-0.14400000 1.67240766 1.67210877
-0.15000000 1.66827208 1.66899021
-0.15600000 1.66420290 1.66606441
-0.16200000 1.66181690 1.66335806
-0.16800000 1.66026774 1.66088962
-0.17400000 1.65801535 1.65866992
-0.18000000 1.65533414 1.65670252
-0.18600000 1.65367876 1.65498282
-0.19200000 1.65292364 1.65349821
-0.19800000 1.65200659 1.65223292
-0.20400000 1.65062959 1.65116984
-0.21000000 1.64968053 1.65029013
-0.21600000 1.64937364 1.64957244
-0.22200000 1.64912671 1.64899679
-0.22800000 1.64850810 1.64854653
-0.23400000 1.64801806 1.64820791
-0.24000000 1.64800699 1.64796682
-0.24600000 1.64820387 1.64781129
-0.25200000 1.64809234 1.64773431
0.01800000 1.72798836 1.72694918
0.02400000 1.72658692 1.72615676
0.03000000 1.72569081 1.72513631
0.03600000 1.72509337 1.72388964
0.04200000 1.72372069 1.72241865
0.04800000 1.72132909 1.72072598
0.05400000 1.71919173 1.71881622
0.06000000 1.71773989 1.71669512
0.06600000 1.71586971 1.71436889
0.07200000 1.71268942 1.71184472
0.07800000 1.70937300 1.70913232
0.08400000 1.70699287 1.70624457
0.09000000 1.70472534 1.70319648
0.09600000 1.70104083 1.70000548
0.10200000 1.69676334 1.69669248
0.10800000 1.69347231 1.69328292
0.11400000 1.69092328 1.68980533
0.12000000 1.68722114 1.68629214
0.12600000 1.68247375 1.68277937
0.13200000 1.67847486 1.67930624
0.13800000 1.67585641 1.67591240
0.14400000 1.67288010 1.67263691
0.15000000 1.66869614 1.66951720
0.15600000 1.66468796 1.66658685
0.16200000 1.66232102 1.66387230
0.16800000 1.66071096 1.66139174
0.17400000 1.65841642 1.65915593
0.18000000 1.65579408 1.65716837
0.18600000 1.65417777 1.65542453
0.19200000 1.65335973 1.65391199
0.19800000 1.65236039 1.65261544
0.20400000 1.65097819 1.65151840
0.21000000 1.65003545 1.65060287
0.21600000 1.64967573 1.64984864
0.22200000 1.64934394 1.64923717
0.22800000 1.64867880 1.64875346
0.23400000 1.64817148 1.64838532
0.24000000 1.64812830 1.64812028
0.24600000 1.64826222 1.64794793
0.25200000 1.64808144 1.64786228
-0.01200000 1.75521899 1.75433306
-0.01800000 1.75446615 1.75389569
-0.02400000 1.75302072 1.75324744
-0.03000000 1.75224495 1.75239524
-0.03600000 1.75190072 1.75134718
-0.04200000 1.75072060 1.75011228
-0.04800000 1.74841769 1.74870247
-0.05400000 1.74646206 1.74713195
-0.06000000 1.74539672 1.74541580
-0.06600000 1.74397305 1.74356940
-0.07200000 1.74124897 1.74161051
-0.07800000 1.73846439 1.73955922
-0.08400000 1.73673174 1.73743580
-0.09000000 1.73524048 1.73525944
-0.09600000 1.73260846 1.73305016
-0.10200000 1.72955141 1.73082954
-0.10800000 1.72740882 1.72861795
-0.11400000 1.72597900 1.72643264
-0.12000000 1.72381226 1.72428937
-0.12600000 1.72103576 1.72220445
-0.13200000 1.71886175 1.72019218
-0.13800000 1.71756972 1.71826252
-0.14400000 1.71597590 1.71642256
-0.15000000 1.71376961 1.71468000
-0.15600000 1.71185449 1.71304156
-0.16200000 1.71076162 1.71150994
-0.16800000 1.70967351 1.71008538
-0.17400000 1.70808348 1.70876932
-0.18000000 1.70656530 1.70756408
-0.18600000 1.70569966 1.70646885
-0.19200000 1.70502214 1.70548054
-0.19800000 1.70403177 1.70459722
-0.20400000 1.70298191 1.70381906
-0.21000000 1.70237069 1.70314418
-0.21600000 1.70203174 1.70256780
-0.22200000 1.70158470 1.70208484
-0.22800000 1.70103936 1.70169243
-0.23400000 1.70071207 1.70138733
-0.24000000 1.70064320 1.70116412
-0.24600000 1.70067132 1.70101699
-0.25200000 1.70064193 1.70094337
-0.00600000 1.75489529 1.75455457
0.00000000 1.75440915 1.75455831
0.00600000 1.75467550 1.75434369
0.01200000 1.75483776 1.75391170
0.01800000 1.75396977 1.75326528
0.02400000 1.75235647 1.75240998
0.03000000 1.75132942 1.75135309
0.03600000 1.75077456 1.75010387
0.04200000 1.74952869 1.74867383
0.04800000 1.74715345 1.74707666
0.05400000 1.74496208 1.74532852
0.06000000 1.74362995 1.74344719
0.06600000 1.74218821 1.74145212
0.07200000 1.73954862 1.73936495
0.07800000 1.73661111 1.73720963
0.08400000 1.73458231 1.73501039
0.09000000 1.73311592 1.73279046
0.09600000 1.73077875 1.73057295
0.10200000 1.72777059 1.72838110
0.10800000 1.72541326 1.72623583
0.11400000 1.72403314 1.72415332
0.12000000 1.72229042 1.72214622
0.12600000 1.71978669 1.72022561
0.13200000 1.71760801 1.71839992
0.13800000 1.71638714 1.71667249
0.14400000 1.71511306 1.71504298
0.15000000 1.71318995 1.71351103
0.15600000 1.71138781 1.71207675
0.16200000 1.71037345 1.71073803
0.16800000 1.70943922 1.70949081
0.17400000 1.70800343 1.70833211
0.18000000 1.70657745 1.70726196
0.18600000 1.70576543 1.70628014
0.19200000 1.70512903 1.70538438
0.19800000 1.70417414 1.70457261
0.20400000 1.70315216 1.70384589
0.21000000 1.70255770 1.70320584
0.21600000 1.70220688 1.70265120
0.22200000 1.70172810 1.70217923
0.22800000 1.70115679 1.70178923
0.23400000 1.70081465 1.70148147
0.24000000 1.70072347 1.70125374
0.24600000 1.70070903 1.70110243
0.25200000 1.70063310 1.70102627
