0.01200000 1.59097024 1.58864236
0.00600000 1.59090215 1.58916961
0.00000000 1.59061113 1.58934083
-0.00600000 1.59087995 1.58915534
-0.01200000 1.59093707 1.58861396
-0.01800000 1.58990075 1.58771701
-0.02400000 1.58784169 1.58646580
-0.03000000 1.58617806 1.58486354
-0.03600000 1.58508373 1.58291507
-0.04200000 1.58323120 1.58062274
-0.04800000 1.57968878 1.57798873
-0.05400000 1.57605916 1.57501917
-0.06000000 1.57363384 1.57172316
-0.06600000 1.57106982 1.56810578
-0.07200000 1.56632868 1.56417082
-0.07800000 1.56084219 1.55992707
-0.08400000 1.55691024 1.55538862
-0.09000000 1.55370936 1.55056625
-0.09600000 1.54813619 1.54546769
-0.10200000 1.54104080 1.54010520
-0.10800000 1.53555538 1.53449935
-0.11400000 1.53175025 1.52867273
-0.12000000 1.52571992 1.52264644
-0.12600000 1.51739566 1.51644733
-0.13200000 1.51046961 1.51011287
-0.13800000 1.50612120 1.50368727
-0.14400000 1.50018746 1.49721942
-0.15000000 1.49132710 1.49076890
-0.15600000 1.48323960 1.48440752
-0.16200000 1.47859874 1.47821166
-0.16800000 1.47369542 1.47225780
-0.17400000 1.46569638 1.46662337
-0.18000000 1.45728598 1.46138417
-0.18600000 1.45273152 1.45660117
-0.19200000 1.45041407 1.45231368
-0.19800000 1.44681064 1.44854391
-0.20400000 1.44198995 1.44530158
-0.21000000 1.43909859 1.44257557
-0.21600000 1.43816079 1.44033142
-0.22200000 1.43724177 1.43852418
-0.22800000 1.43554392 1.43711387
-0.23400000 1.43441011 1.43606005
-0.24000000 1.43417895 1.43531468
-0.24600000 1.43429607 1.43483298
-0.25200000 1.43409293 1.43459345
0.01800000 1.58994520 1.58775936
0.02400000 1.58790678 1.58652185
0.03000000 1.58626321 1.58493282
0.03600000 1.58517846 1.58299701
0.04200000 1.58333598 1.58071672
0.04800000 1.57981106 1.57809400
0.05400000 1.57619958 1.57513471
0.06000000 1.57378029 1.57184779
0.06600000 1.57122328 1.56823834
0.07200000 1.56649454 1.56430999
0.07800000 1.56101976 1.56007119
0.08400000 1.55709069 1.55553584
0.09000000 1.55389098 1.55071492
0.09600000 1.54832497 1.54561608
0.10200000 1.54123390 1.54025132
0.10800000 1.53574444 1.53464114
0.11400000 1.53193362 1.52880851
0.12000000 1.52590655 1.52277477
0.12600000 1.51758065 1.51656698
0.13200000 1.51064003 1.51022298
0.13800000 1.50628165 1.50378752
0.14400000 1.50034884 1.49731009
0.15000000 1.49148747 1.49085081
0.15600000 1.48338451 1.48448211
0.16200000 1.47872946 1.47828091
0.16800000 1.47383934 1.47232402
0.17400000 1.46584309 1.46668886
0.18000000 1.45742746 1.46145101
0.18600000 1.45285944 1.45667107
0.19200000 1.45055107 1.45238765
0.19800000 1.44693954 1.44862196
0.20400000 1.44210924 1.44538271
0.21000000 1.43921532 1.44265821
0.21600000 1.43826629 1.44041368
0.22200000 1.43732756 1.43860404
0.22800000 1.43561050 1.43718960
0.23400000 1.43446958 1.43613085
0.24000000 1.43422753 1.43538068
0.24600000 1.43432280 1.43489502
0.25200000 1.43409443 1.43465317
-0.01200000 1.70058316 1.70080259
-0.01800000 1.70019053 1.70063157
-0.02400000 1.69951423 1.70039065
-0.03000000 1.69939794 1.70008097
-0.03600000 1.69947774 1.69970141
-0.04200000 1.69896268 1.69924955
-0.04800000 1.69794169 1.69872490
-0.05400000 1.69736247 1.69812862
-0.06000000 1.69721221 1.69746036
-0.06600000 1.69658191 1.69671795
-0.07200000 1.69523219 1.69590111
-0.07800000 1.69416391 1.69501197
-0.08400000 1.69370989 1.69405230
-0.09000000 1.69297372 1.69302214
-0.09600000 1.69135585 1.69192321
-0.10200000 1.68980069 1.69076019
-0.10800000 1.68898544 1.68953826
-0.11400000 1.68816261 1.68826143
-0.12000000 1.68640659 1.68693498
-0.12600000 1.68446389 1.68556728
-0.13200000 1.68329443 1.68416764
-0.13800000 1.68240603 1.68274456
-0.14400000 1.68070436 1.68130743
-0.15000000 1.67859872 1.67986849
-0.15600000 1.67717470 1.67844075
-0.16200000 1.67628743 1.67703584
-0.16800000 1.67485888 1.67566557
-0.17400000 1.67292909 1.67434377
-0.18000000 1.67149023 1.67308403
-0.18600000 1.67069124 1.67189735
-0.19200000 1.66969763 1.67079335
-0.19800000 1.66830807 1.66978142
-0.20400000 1.66719484 1.66886994
-0.21000000 1.66661196 1.66806382
-0.21600000 1.66609049 1.66736456
-0.22200000 1.66543183 1.66677218
-0.22800000 1.66494981 1.66628633
-0.23400000 1.66473875 1.66590485
-0.24000000 1.66454832 1.66562346
-0.24600000 1.66437650 1.66543756
-0.25200000 1.66439715 1.66534484
-0.00600000 1.70032784 1.70090319
0.00000000 1.70003061 1.70093503
0.00600000 1.70032425 1.70089935
0.01200000 1.70057680 1.70079491
0.01800000 1.70018224 1.70062005
0.02400000 1.69950394 1.70037529
0.03000000 1.69938300 1.70006178
0.03600000 1.69945847 1.69967841
0.04200000 1.69894242 1.69922280
0.04800000 1.69791999 1.69869450
0.05400000 1.69733630 1.69809464
0.06000000 1.69717953 1.69742291
0.06600000 1.69654888 1.69667720
0.07200000 1.69520105 1.69585725
0.07800000 1.69412910 1.69496515
0.08400000 1.69366839 1.69400266
0.09000000 1.69293088 1.69296989
0.09600000 1.69131768 1.69186856
0.10200000 1.68976068 1.69070328
0.10800000 1.68893832 1.68947923
0.11400000 1.68811348 1.68820049
0.12000000 1.68636413 1.68687234
0.12600000 1.68442073 1.68550314
0.13200000 1.68324516 1.68410218
0.13800000 1.68235455 1.68267805
0.14400000 1.68065973 1.68124017
0.15000000 1.67855879 1.67980077
0.15600000 1.67712836 1.67837286
0.16200000 1.67623763 1.67696814
0.16800000 1.67481824 1.67559848
0.17400000 1.67289534 1.67427773
0.18000000 1.67145115 1.67301946
0.18600000 1.67064845 1.67183473
0.19200000 1.66966416 1.67073315
0.19800000 1.66828393 1.66972410
0.20400000 1.66716889 1.66881596
0.21000000 1.66658209 1.66801361
0.21600000 1.66606854 1.66731844
0.22200000 1.66541721 1.66673023
0.22800000 1.66493515 1.66624849
0.23400000 1.66472203 1.66587080
0.24000000 1.66453507 1.66559261
0.24600000 1.66436604 1.66540899
0.25200000 1.66438825 1.66531744
-0.03600000 1.71215929 1.71274828
-0.04200000 1.71190361 1.71260182
-0.04800000 1.71138720 1.71239788
-0.05400000 1.71146155 1.71212464
-0.06000000 1.71174386 1.71176940
-0.06600000 1.71134321 1.71131896
-0.07200000 1.71037139 1.71076145
-0.07800000 1.70985084 1.71008757
-0.08400000 1.70975442 1.70929015
-0.09000000 1.70907880 1.70836371
-0.09600000 1.70747741 1.70730532
-0.10200000 1.70598564 1.70611617
-0.10800000 1.70511653 1.70480035
-0.11400000 1.70411422 1.70336372
-0.12000000 1.70215831 1.70181445
-0.12600000 1.69990694 1.70016347
-0.13200000 1.69830761 1.69842368
-0.13800000 1.69700761 1.69660858
-0.14400000 1.69496945 1.69473276
-0.15000000 1.69235783 1.69281208
-0.15600000 1.69027280 1.69086345
-0.16200000 1.68878935 1.68890370
-0.16800000 1.68688981 1.68695038
-0.17400000 1.68429291 1.68502203
-0.18000000 1.68203618 1.68313765
-0.18600000 1.68055556 1.68131571
-0.19200000 1.67898871 1.67957413
-0.19800000 1.67682587 1.67793181
-0.20400000 1.67478870 1.67640746
-0.21000000 1.67352215 1.67501816
-0.21600000 1.67250545 1.67377765
-0.22200000 1.67118894 1.67269777
-0.22800000 1.66981938 1.67178831
-0.23400000 1.66901508 1.67105663
-0.24000000 1.66873428 1.67050627
-0.24600000 1.66868612 1.67013840
-0.25200000 1.66860760 1.66995385
-0.03000000 1.71180537 1.71284927
-0.02400000 1.71152767 1.71291645
-0.01800000 1.71188080 1.71295913
-0.01200000 1.71212344 1.71298364
-0.00600000 1.71181699 1.71299494
0.00000000 1.71149667 1.71299715
0.00600000 1.71181062 1.71299227
0.01200000 1.71211350 1.71297850
0.01800000 1.71186890 1.71295194
0.02400000 1.71151213 1.71290780
0.03000000 1.71178577 1.71283994
0.03600000 1.71213738 1.71273916
0.04200000 1.71188167 1.71259392
0.04800000 1.71136625 1.71239230
0.05400000 1.71144113 1.71212247
0.06000000 1.71172520 1.71177172
0.06600000 1.71132834 1.71132677
0.07200000 1.71036388 1.71077562
0.07800000 1.70985719 1.71010884
0.08400000 1.70977395 1.70931907
0.09000000 1.70910460 1.70840062
0.09600000 1.70750748 1.70735040
0.10200000 1.70602907 1.70616938
0.10800000 1.70517621 1.70486150
0.11400000 1.70418094 1.70343249
0.12000000 1.70222554 1.70189038
0.12600000 1.69998264 1.70024602
0.13200000 1.69839276 1.69851227
0.13800000 1.69709902 1.69670257
0.14400000 1.69506179 1.69483149
0.15000000 1.69245466 1.69291486
0.15600000 1.69037729 1.69096959
0.16200000 1.68889794 1.68901245
0.16800000 1.68699865 1.68706092
0.17400000 1.68440259 1.68513345
0.18000000 1.68214991 1.68324893
0.18600000 1.68067033 1.68142577
0.19200000 1.67910071 1.67968180
0.19800000 1.67693383 1.67803583
0.20400000 1.67489663 1.67650655
0.21000000 1.67362857 1.67511112
0.21600000 1.67260323 1.67386352
0.22200000 1.67127300 1.67277592
0.22800000 1.66989501 1.67185862
0.23400000 1.66908575 1.67111954
0.24000000 1.66878980 1.67056289
0.24600000 1.66871113 1.67019042
0.25200000 1.66859925 1.67000345
0.23400000 1.72877714 1.72917687
0.22800000 1.72812868 1.72897463
0.22200000 1.72738042 1.72872581
0.21600000 1.72737742 1.72843498
0.21000000 1.72739285 1.72810709
0.20400000 1.72673561 1.72774722
0.19800000 1.72583464 1.72736124
0.19200000 1.72560717 1.72695640
0.18600000 1.72557592 1.72653962
0.18000000 1.72498872 1.72611705
0.17400000 1.72407050 1.72569432
0.16800000 1.72374565 1.72527782
0.16200000 1.72375205 1.72487327
0.15600000 1.72329043 1.72448564
0.15000000 1.72245202 1.72412134
0.14400000 1.72212496 1.72378678
0.13800000 1.72219997 1.72348763
0.13200000 1.72193401 1.72322898
0.12600000 1.72131443 1.72301729
0.12000000 1.72111192 1.72285896
0.11400000 1.72129106 1.72275901
0.10800000 1.72127430 1.72272085
0.10200000 1.72106323 1.72274744
0.09600000 1.72118963 1.72284077
0.09000000 1.72159597 1.72300002
0.08400000 1.72183984 1.72322142
0.07800000 1.72204694 1.72349918
0.07200000 1.72262834 1.72382632
0.06600000 1.72339355 1.72419339
0.06000000 1.72382784 1.72458827
0.05400000 1.72410705 1.72499776
0.04800000 1.72473699 1.72540929
0.04200000 1.72559215 1.72581003
0.03600000 1.72606423 1.72618661
0.03000000 1.72617468 1.72652654
0.02400000 1.72646162 1.72681958
0.01800000 1.72707563 1.72705734
0.01200000 1.72741470 1.72723226
0.00600000 1.72729371 1.72733869
0.00000000 1.72711084 1.72737368
-0.00600000 1.72729317 1.72733652
-0.01200000 1.72741304 1.72722780
-0.01800000 1.72707346 1.72705035
-0.02400000 1.72645836 1.72680969
-0.03000000 1.72616983 1.72651330
-0.03600000 1.72605686 1.72616948
-0.04200000 1.72558293 1.72578843
-0.04800000 1.72472574 1.72538262
-0.05400000 1.72409036 1.72496543
-0.06000000 1.72380555 1.72454973
-0.06600000 1.72336745 1.72414821
-0.07200000 1.72259579 1.72377419
-0.07800000 1.72200065 1.72343993
-0.08400000 1.72177876 1.72315505
-0.09000000 1.72153044 1.72292666
-0.09600000 1.72112308 1.72276068
-0.10200000 1.72098580 1.72266097
-0.10800000 1.72118114 1.72262840
-0.11400000 1.72119298 1.72266104
-0.12000000 1.72101582 1.72275594
-0.12600000 1.72121631 1.72290968
-0.13200000 1.72182436 1.72311728
-0.13800000 1.72208664 1.72337236
-0.14400000 1.72201282 1.72366850
-0.15000000 1.72233865 1.72400065
-0.15600000 1.72317117 1.72436322
-0.16200000 1.72363026 1.72474984
-0.16800000 1.72362679 1.72515423
-0.17400000 1.72395268 1.72557151
-0.18000000 1.72486842 1.72599601
-0.18600000 1.72545501 1.72642142
-0.19200000 1.72549195 1.72684216
-0.19800000 1.72572445 1.72725215
-0.20400000 1.72662664 1.72764444
-0.21000000 1.72728676 1.72801167
-0.21600000 1.72728103 1.72834777
-0.22200000 1.72729900 1.72864729
-0.22800000 1.72805557 1.72890476
-0.23400000 1.72871027 1.72911502
-0.24000000 1.72856363 1.72927495
-0.24600000 1.72812683 1.72938303
-0.25200000 1.72840443 1.72943777
0.24000000 1.72861513 1.72933004
0.24600000 1.72814841 1.72943321
0.25200000 1.72839440 1.72948538
0.01200000 1.75521899 1.75605950
0.00600000 1.75479025 1.75613588
0.00000000 1.75432755 1.75615801
-0.00600000 1.75478060 1.75612762
-0.01200000 1.75520289 1.75604301
-0.01800000 1.75470119 1.75590263
-0.02400000 1.75388352 1.75570903
-0.03000000 1.75394508 1.75546576
-0.03600000 1.75425844 1.75517295
-0.04200000 1.75372133 1.75483000
-0.04800000 1.75263823 1.75444007
-0.05400000 1.75230770 1.75400813
-0.06000000 1.75248950 1.75353590
-0.06600000 1.75195364 1.75302347
-0.07200000 1.75068762 1.75247440
-0.07800000 1.75002585 1.75189462
-0.08400000 1.75006115 1.75128729
-0.09000000 1.74956083 1.75065301
-0.09600000 1.74821818 1.74999524
-0.10200000 1.74730801 1.74932024
-0.10800000 1.74721003 1.74863194
-0.11400000 1.74677710 1.74793097
-0.12000000 1.74545848 1.74721980
-0.12600000 1.74439234 1.74650418
-0.13200000 1.74420071 1.74578801
-0.13800000 1.74384369 1.74507160
-0.14400000 1.74261763 1.74435627
-0.15000000 1.74147753 1.74364688
-0.15600000 1.74122205 1.74294726
-0.16200000 1.74095935 1.74225780
-0.16800000 1.73986978 1.74157976
-0.17400000 1.73870584 1.74091814
-0.18000000 1.73841872 1.74027672
-0.18600000 1.73826420 1.73965720
-0.19200000 1.73734688 1.73906339
-0.19800000 1.73622068 1.73850068
-0.20400000 1.73593606 1.73797411
-0.21000000 1.73590811 1.73748804
-0.21600000 1.73522848 1.73704776
-0.22200000 1.73427487 1.73665921
-0.22800000 1.73406946 1.73632740
-0.23400000 1.73419462 1.73605606
-0.24000000 1.73386229 1.73584891
-0.24600000 1.73338996 1.73570939
-0.25200000 1.73361595 1.73563948
0.01800000 1.75472399 1.75592729
0.02400000 1.75391599 1.75574177
0.03000000 1.75398683 1.75550649
0.03600000 1.75430664 1.75522154
0.04200000 1.75377532 1.75488630
0.04800000 1.75270042 1.75450395
0.05400000 1.75237833 1.75407944
0.06000000 1.75256602 1.75361450
0.06600000 1.75203557 1.75310921
0.07200000 1.75077632 1.75256715
0.07800000 1.75012289 1.75199427
0.08400000 1.75016428 1.75139374
0.09000000 1.74966862 1.75076614
0.09600000 1.74833124 1.75011493
0.10200000 1.74742812 1.74944641
0.10800000 1.74733720 1.74876451
0.11400000 1.74690819 1.74806980
0.12000000 1.74559330 1.74736475
0.12600000 1.74453474 1.74665509
0.13200000 1.74434990 1.74594470
0.13800000 1.74399671 1.74523381
0.14400000 1.74277159 1.74452368
0.15000000 1.74163622 1.74381908
0.15600000 1.74138943 1.74312377
0.16200000 1.74113056 1.74243800
0.16800000 1.74004056 1.74176278
0.17400000 1.73887729 1.74110285
0.18000000 1.73859627 1.74046179
0.18600000 1.73844606 1.73984113
0.19200000 1.73752205 1.73924443
0.19800000 1.73638883 1.73867684
0.20400000 1.73610630 1.73814321
0.21000000 1.73607952 1.73764798
0.21600000 1.73538456 1.73719670
0.22200000 1.73440830 1.73679588
0.22800000 1.73419040 1.73645130
0.23400000 1.73431230 1.73616772
0.24000000 1.73395684 1.73595001
0.24600000 1.73343380 1.73580274
0.25200000 1.73360343 1.73572872
